0.000000 58.578403
1.000000 105.575874
2.000000 145.850159
3.000000 218.806839
4.000000 27.505917
5.000000 421.865173
6.000000 159.283630
7.000000 121.881264
8.000000 227.782593
9.000000 99.947632
10.000000 327.428864
11.000000 95.023529
12.000000 190.746567
13.000000 207.442581
14.000000 187.267685
15.000000 146.046295
16.000000 401.120514
17.000000 442.233063
18.000000 106.083496
19.000000 141.750626
20.000000 314.751312
21.000000 133.726425
22.000000 147.685745
23.000000 192.905289
24.000000 192.173065
25.000000 67.766342
26.000000 48.747978
27.000000 156.826431
28.000000 102.916145
29.000000 225.365845
30.000000 117.054115
31.000000 96.657196
32.000000 260.213867
33.000000 184.035889
34.000000 93.639488
35.000000 201.130569
36.000000 154.306366
37.000000 252.652832
38.000000 226.710144
39.000000 259.453766
40.000000 88.064568
41.000000 148.196503
42.000000 122.625832
43.000000 148.564484
44.000000 79.505142
45.000000 38.941017
46.000000 156.325806
47.000000 156.845459
48.000000 152.076599
49.000000 148.514267
50.000000 245.155716
51.000000 192.189896
52.000000 96.994392
53.000000 195.537445
54.000000 36.083050
55.000000 188.757492
56.000000 214.799164
57.000000 171.338043
58.000000 143.156982
59.000000 59.528336
60.000000 185.284683
61.000000 123.625214
62.000000 89.366547
63.000000 228.391174
64.000000 365.815765
65.000000 239.623245
66.000000 258.663239
67.000000 212.944290
68.000000 286.319397
69.000000 111.731033
70.000000 419.881226
71.000000 158.210648
72.000000 108.894142
73.000000 180.977188
74.000000 47.727901
75.000000 171.821472
76.000000 112.863411
77.000000 199.718811
78.000000 95.994545
79.000000 429.808777
80.000000 136.893219
81.000000 381.946625
82.000000 203.713226
83.000000 140.385223
84.000000 89.743179
85.000000 83.576576
86.000000 221.345810
87.000000 99.027298
88.000000 136.477402
89.000000 208.328415
90.000000 194.610626
91.000000 306.412415
92.000000 285.513153
93.000000 11.517442
94.000000 189.118439
95.000000 54.983189
96.000000 241.924683
97.000000 187.785080
98.000000 147.519516
99.000000 337.629669
100.000000 317.675751
101.000000 91.125008
102.000000 173.927658
103.000000 150.322021
104.000000 36.527981
105.000000 113.242928
106.000000 199.014038
107.000000 430.785248
108.000000 60.267963
109.000000 165.575836
110.000000 116.930664
111.000000 171.340363
112.000000 135.659866
113.000000 222.677460
114.000000 266.732239
115.000000 96.552132
116.000000 208.838074
117.000000 272.128845
118.000000 105.219765
119.000000 192.037964
120.000000 33.084572
121.000000 406.861237
122.000000 144.081543
123.000000 151.973175
124.000000 250.891724
125.000000 153.345749
126.000000 218.464325
127.000000 28.570181
128.000000 119.230568
129.000000 158.537766
130.000000 227.477753
131.000000 217.189789
132.000000 207.771835
133.000000 172.347763
134.000000 273.266266
135.000000 163.820038
136.000000 236.395828
137.000000 364.790100
138.000000 211.999329
139.000000 185.109146
140.000000 235.604019
141.000000 164.301239
142.000000 302.133789
143.000000 243.892532
144.000000 107.113876
145.000000 265.301514
146.000000 270.927063
147.000000 153.537857
148.000000 85.301926
149.000000 84.489105
150.000000 197.158844
151.000000 143.260269
152.000000 306.834198
153.000000 203.442810
154.000000 346.277130
155.000000 247.888809
156.000000 132.076401
157.000000 366.792511
158.000000 187.038971
159.000000 98.262047
160.000000 61.970722
161.000000 191.948639
162.000000 121.283890
163.000000 135.404816
164.000000 167.206558
165.000000 217.303650
166.000000 49.593727
167.000000 255.358841
168.000000 427.098358
169.000000 62.923744
170.000000 98.513184
171.000000 245.026688
172.000000 245.038315
173.000000 195.047424
174.000000 70.318901
175.000000 152.871262
176.000000 95.236275
177.000000 143.446060
178.000000 365.745056
179.000000 108.327324
180.000000 216.735703
181.000000 331.529236
182.000000 205.823624
183.000000 68.948166
184.000000 145.060669
185.000000 135.787628
186.000000 75.280800
187.000000 333.088501
188.000000 23.998913
189.000000 231.272552
190.000000 56.800461
191.000000 163.923538
192.000000 160.348755
193.000000 218.530914
194.000000 74.213623
195.000000 57.420097
196.000000 366.958923
197.000000 402.430481
198.000000 134.103088
199.000000 221.221451
200.000000 180.853317
201.000000 519.025635
202.000000 196.056946
203.000000 326.465607
204.000000 182.671906
205.000000 150.900894
206.000000 150.120010
207.000000 197.357864
208.000000 217.296768
209.000000 150.859482
210.000000 277.832855
211.000000 287.513763
212.000000 67.594063
213.000000 191.772018
214.000000 146.300323
215.000000 305.610779
216.000000 88.849854
217.000000 152.953827
218.000000 260.193512
219.000000 67.603874
220.000000 326.999176
221.000000 232.874481
222.000000 34.173836
223.000000 118.729729
224.000000 176.686951
225.000000 23.945709
226.000000 285.898529
227.000000 314.720032
228.000000 57.824120
229.000000 201.456818
230.000000 79.682350
231.000000 174.463303
232.000000 178.337418
233.000000 219.294510
234.000000 109.664124
235.000000 106.745491
236.000000 139.736542
237.000000 288.235046
238.000000 226.583389
239.000000 104.042213
240.000000 321.806000
241.000000 317.450104
242.000000 193.919662
243.000000 153.790634
244.000000 229.471680
245.000000 283.895416
246.000000 79.490395
247.000000 257.421387
248.000000 256.225220
249.000000 244.908447
250.000000 336.655853
251.000000 24.765623
252.000000 86.820396
253.000000 174.976120
254.000000 72.558708
255.000000 104.082527
256.000000 100.212502
257.000000 105.388229
258.000000 216.307190
259.000000 303.044647
260.000000 355.353058
261.000000 101.875008
262.000000 221.725464
263.000000 48.027332
264.000000 165.548019
265.000000 281.101593
266.000000 292.978973
267.000000 176.307495
268.000000 106.250870
269.000000 136.374954
270.000000 168.125565
271.000000 68.363708
272.000000 49.628960
273.000000 270.684967
274.000000 192.383575
275.000000 287.937073
276.000000 253.089020
277.000000 316.758972
278.000000 318.061646
279.000000 436.099579
280.000000 152.299683
281.000000 150.444916
282.000000 213.486008
283.000000 113.283882
284.000000 163.577423
285.000000 257.724915
286.000000 160.255539
287.000000 167.152527
288.000000 50.616436
289.000000 186.394150
290.000000 385.549316
291.000000 52.726112
292.000000 325.298065
293.000000 122.682259
294.000000 78.301788
295.000000 81.415840
296.000000 195.989624
297.000000 193.856384
298.000000 67.513718
299.000000 105.381355
300.000000 121.367882
301.000000 244.529388
302.000000 415.022278
303.000000 91.136360
304.000000 59.943874
305.000000 96.428192
306.000000 164.303421
307.000000 178.675156
308.000000 106.451424
309.000000 323.659149
310.000000 42.115887
311.000000 124.252106
312.000000 366.248840
313.000000 128.881027
314.000000 78.110115
315.000000 118.883743
316.000000 109.785759
317.000000 102.459259
318.000000 199.715820
319.000000 280.072388
320.000000 228.636322
321.000000 164.965042
322.000000 200.894943
323.000000 58.769131
324.000000 247.990097
325.000000 207.305984
326.000000 173.823273
327.000000 118.216721
328.000000 304.160858
329.000000 146.789429
330.000000 467.586487
331.000000 160.855942
332.000000 168.212692
333.000000 62.899689
334.000000 274.572418
335.000000 140.669296
336.000000 261.322876
337.000000 203.431091
338.000000 90.927589
339.000000 221.772751
340.000000 391.440918
341.000000 111.074043
342.000000 150.525146
343.000000 254.795624
344.000000 172.109741
345.000000 364.548981
346.000000 267.285309
347.000000 17.614330
348.000000 103.310997
349.000000 230.885117
350.000000 228.850235
351.000000 310.066010
352.000000 83.960548
353.000000 351.389008
354.000000 212.413925
355.000000 161.529968
356.000000 202.216141
357.000000 302.885101
358.000000 60.488178
359.000000 164.372345
360.000000 99.959641
361.000000 286.675415
362.000000 233.913101
363.000000 82.459244
364.000000 123.709366
365.000000 215.631760
366.000000 105.834724
367.000000 42.324314
368.000000 242.911041
369.000000 395.284607
370.000000 214.762390
371.000000 136.784500
372.000000 288.398651
373.000000 120.062637
374.000000 133.249008
375.000000 198.718567
376.000000 126.803101
377.000000 359.170380
378.000000 118.675858
379.000000 197.735565
380.000000 265.965027
381.000000 232.450912
382.000000 210.227921
383.000000 75.239250
384.000000 167.895889
385.000000 113.701653
386.000000 171.922379
387.000000 47.646740
388.000000 415.040894
389.000000 137.061127
390.000000 452.554199
391.000000 174.043930
392.000000 163.292358
393.000000 38.493263
394.000000 133.647491
395.000000 259.564056
396.000000 50.405697
397.000000 192.906204
398.000000 139.548538
399.000000 269.542023
400.000000 106.531189
401.000000 128.889450
402.000000 35.205040
403.000000 205.336288
404.000000 194.439072
405.000000 243.709000
406.000000 195.367737
407.000000 310.616180
408.000000 315.641174
409.000000 358.240234
410.000000 135.733444
411.000000 152.736740
412.000000 276.289886
413.000000 310.083923
414.000000 201.940277
415.000000 57.272194
416.000000 87.928391
417.000000 120.662941
418.000000 141.639435
419.000000 135.665253
420.000000 227.895554
421.000000 141.718231
422.000000 274.001648
423.000000 121.090462
424.000000 56.312634
425.000000 103.154793
426.000000 182.537537
427.000000 30.180285
428.000000 139.284164
429.000000 287.925171
430.000000 87.201996
431.000000 61.692810
432.000000 182.327072
433.000000 166.883621
434.000000 117.698822
435.000000 130.359665
436.000000 45.960014
437.000000 125.733276
438.000000 168.138092
439.000000 209.906998
440.000000 101.062096
441.000000 150.067459
442.000000 95.721642
443.000000 223.459076
444.000000 154.481598
445.000000 150.478333
446.000000 206.473892
447.000000 59.697605
448.000000 396.617096
449.000000 331.156616
450.000000 67.746346
451.000000 97.070366
452.000000 106.743530
453.000000 227.171555
454.000000 246.486023
455.000000 56.901752
456.000000 113.816696
457.000000 274.325287
458.000000 269.647064
459.000000 214.410980
460.000000 112.067307
461.000000 149.147659
462.000000 256.462921
463.000000 219.602493
464.000000 194.681259
465.000000 179.879211
466.000000 260.760162
467.000000 153.962448
468.000000 190.884628
469.000000 323.053192
470.000000 206.699585
471.000000 36.130550
472.000000 196.359009
473.000000 136.244781
474.000000 121.154701
475.000000 136.984909
476.000000 284.652344
477.000000 162.241653
478.000000 179.246994
479.000000 294.291901
480.000000 272.891754
481.000000 67.784447
482.000000 90.362762
483.000000 193.214722
484.000000 136.038620
485.000000 49.003773
486.000000 276.273102
487.000000 76.202164
488.000000 195.576614
489.000000 103.725410
490.000000 377.371216
491.000000 213.943649
492.000000 48.904129
493.000000 55.890034
494.000000 101.511360
495.000000 78.757683
496.000000 322.002594
497.000000 175.364731
498.000000 84.957245
499.000000 263.328156
500.000000 160.403076
501.000000 133.911987
502.000000 122.832909
503.000000 43.807796
504.000000 74.634583
505.000000 108.248825
506.000000 305.226044
507.000000 293.018951
508.000000 148.193970
509.000000 190.111481
510.000000 111.012260
511.000000 560.628601
512.000000 157.742722
513.000000 303.764160
514.000000 156.008713
515.000000 248.952118
516.000000 179.641052
517.000000 183.007889
518.000000 72.027824
519.000000 162.170731
520.000000 189.833740
521.000000 60.286327
522.000000 223.823303
523.000000 149.904922
524.000000 87.881058
525.000000 114.111786
526.000000 297.864441
527.000000 231.781723
528.000000 275.913055
529.000000 205.596344
530.000000 228.180634
531.000000 180.591019
532.000000 184.817230
533.000000 291.891205
534.000000 112.379433
535.000000 137.764359
536.000000 90.092949
537.000000 189.563156
538.000000 137.562088
539.000000 86.408821
540.000000 132.457458
541.000000 264.365631
542.000000 106.861069
543.000000 506.570587
544.000000 75.597122
545.000000 231.382172
546.000000 254.758591
547.000000 37.471710
548.000000 92.107971
549.000000 216.034439
550.000000 285.273468
551.000000 104.137184
552.000000 372.474609
553.000000 104.243004
554.000000 205.562988
555.000000 207.358948
556.000000 51.668758
557.000000 292.968353
558.000000 205.584854
559.000000 52.798275
560.000000 166.199646
561.000000 211.423843
562.000000 379.561951
563.000000 158.473419
564.000000 125.053818
565.000000 117.345116
566.000000 151.216156
567.000000 231.669571
568.000000 240.415482
569.000000 44.074589
570.000000 288.301361
571.000000 177.855194
572.000000 113.115067
573.000000 127.102959
574.000000 395.773224
575.000000 235.600983
576.000000 294.881226
577.000000 187.828522
578.000000 237.974030
579.000000 123.343483
580.000000 209.250107
581.000000 9.454765
582.000000 157.593231
583.000000 115.677582
584.000000 135.608215
585.000000 147.457565
586.000000 169.448227
587.000000 246.467239
588.000000 276.908569
589.000000 128.982254
590.000000 249.428223
591.000000 208.631531
592.000000 263.529297
593.000000 21.442078
594.000000 144.980469
595.000000 202.004959
596.000000 163.189056
597.000000 88.613327
598.000000 134.651077
599.000000 179.000137
600.000000 84.457008
601.000000 13.979203
602.000000 63.034863
603.000000 170.845062
604.000000 169.467682
605.000000 111.666901
606.000000 216.379425
607.000000 190.620911
608.000000 168.989441
609.000000 109.911552
610.000000 204.572571
611.000000 272.216125
612.000000 222.999725
613.000000 209.100281
614.000000 73.223595
615.000000 240.874069
616.000000 190.814789
617.000000 96.561363
618.000000 145.300400
619.000000 94.300964
620.000000 20.472801
621.000000 231.068100
622.000000 313.390045
623.000000 279.261444
624.000000 211.487000
625.000000 193.411301
626.000000 126.513588
627.000000 193.355301
628.000000 115.723450
629.000000 255.170792
630.000000 161.403900
631.000000 104.619080
632.000000 88.271797
633.000000 140.112961
634.000000 114.221436
635.000000 177.623291
636.000000 38.663464
637.000000 211.817520
638.000000 239.676025
639.000000 155.583588
640.000000 123.413612
641.000000 421.203766
642.000000 131.677139
643.000000 244.865112
644.000000 52.329105
645.000000 261.472290
646.000000 164.708984
647.000000 158.501495
648.000000 175.505081
649.000000 50.476959
650.000000 55.513031
651.000000 110.302284
652.000000 106.232346
653.000000 245.852814
654.000000 97.493752
655.000000 75.703148
656.000000 209.343613
657.000000 254.033417
658.000000 182.208679
659.000000 188.709442
660.000000 255.281479
661.000000 200.499603
662.000000 31.034498
663.000000 87.035683
664.000000 90.438301
665.000000 132.564438
666.000000 93.197609
667.000000 461.498260
668.000000 186.634003
669.000000 74.387291
670.000000 157.320496
671.000000 309.963287
672.000000 185.967209
673.000000 356.262604
674.000000 394.899170
675.000000 246.993973
676.000000 262.368195
677.000000 77.432213
678.000000 115.001892
679.000000 276.557983
680.000000 141.855377
681.000000 137.691101
682.000000 132.049240
683.000000 354.768402
684.000000 310.957031
685.000000 82.900238
686.000000 229.450180
687.000000 101.388382
688.000000 316.672455
689.000000 199.167801
690.000000 141.073029
691.000000 225.258560
692.000000 166.652588
693.000000 66.344597
694.000000 36.461647
695.000000 196.934799
696.000000 248.505692
697.000000 135.848175
698.000000 39.512806
699.000000 303.547485
700.000000 306.525909
701.000000 158.851425
702.000000 118.792740
703.000000 314.501526
704.000000 206.548248
705.000000 64.914284
706.000000 153.708755
707.000000 318.101868
708.000000 153.959579
709.000000 65.902260
710.000000 194.040100
711.000000 179.487808
712.000000 133.351807
713.000000 150.717377
714.000000 94.046944
715.000000 227.927231
716.000000 69.558800
717.000000 197.496597
718.000000 158.521790
719.000000 104.308708
720.000000 259.327637
721.000000 80.199875
722.000000 251.113586
723.000000 149.780197
724.000000 220.282394
725.000000 44.144192
726.000000 173.369049
727.000000 197.790802
728.000000 27.036423
729.000000 183.775391
730.000000 205.249039
731.000000 109.039909
732.000000 72.800682
733.000000 59.776600
734.000000 164.888184
735.000000 409.595062
736.000000 149.072189
737.000000 344.494781
738.000000 308.127533
739.000000 222.844543
740.000000 188.493164
741.000000 134.271942
742.000000 55.093048
743.000000 201.095612
744.000000 18.640474
745.000000 214.754059
746.000000 229.740952
747.000000 49.429985
748.000000 169.029831
749.000000 98.649109
750.000000 196.817139
751.000000 303.388885
752.000000 158.872849
753.000000 258.943359
754.000000 324.920074
755.000000 75.379738
756.000000 271.145996
757.000000 58.397324
758.000000 193.433594
759.000000 430.321655
760.000000 138.161102
761.000000 63.221024
762.000000 104.181618
763.000000 212.945953
764.000000 165.236679
765.000000 180.315536
766.000000 115.386559
767.000000 209.161041
768.000000 57.301254
769.000000 197.209961
770.000000 283.989410
771.000000 281.475525
772.000000 79.692757
773.000000 190.477646
774.000000 503.131439
775.000000 111.392059
776.000000 202.143921
777.000000 178.057739
778.000000 84.490654
779.000000 194.238403
780.000000 189.163116
781.000000 166.450958
782.000000 122.131935
783.000000 41.797947
784.000000 234.389359
785.000000 356.388489
786.000000 275.408417
787.000000 171.461670
788.000000 154.244751
789.000000 140.790131
790.000000 43.594463
791.000000 277.498596
792.000000 332.001495
793.000000 157.146820
794.000000 297.235535
795.000000 208.716934
796.000000 90.751869
797.000000 66.585777
798.000000 91.315170
799.000000 194.179352
800.000000 151.376663
801.000000 171.419189
802.000000 34.207352
803.000000 250.920761
804.000000 219.652283
805.000000 254.203766
806.000000 274.859955
807.000000 380.311737
808.000000 55.400120
809.000000 201.412704
810.000000 145.554321
811.000000 218.116638
812.000000 186.027313
813.000000 270.841919
814.000000 271.429749
815.000000 72.437790
816.000000 72.792923
817.000000 242.840668
818.000000 123.327080
819.000000 397.065399
820.000000 269.177948
821.000000 121.814926
822.000000 277.406189
823.000000 204.488571
824.000000 233.756439
825.000000 77.966339
826.000000 192.500259
827.000000 103.065247
828.000000 138.657196
829.000000 243.022064
830.000000 120.020622
831.000000 219.214844
832.000000 82.959137
833.000000 88.940468
834.000000 140.846558
835.000000 84.394974
836.000000 129.344315
837.000000 172.488876
838.000000 62.979816
839.000000 236.999664
840.000000 141.406082
841.000000 457.282837
842.000000 266.567841
843.000000 44.579239
844.000000 211.801041
845.000000 77.124969
846.000000 229.321289
847.000000 217.144684
848.000000 171.033478
849.000000 31.679548
850.000000 214.160416
851.000000 40.493286
852.000000 289.472260
853.000000 34.024353
854.000000 328.881622
855.000000 183.937546
856.000000 102.358223
857.000000 69.109825
858.000000 113.195869
859.000000 131.437714
860.000000 57.612484
861.000000 243.088913
862.000000 56.354382
863.000000 186.300125
864.000000 153.713776
865.000000 272.986542
866.000000 158.763214
867.000000 51.682701
868.000000 248.772354
869.000000 98.102379
870.000000 233.492477
871.000000 154.794586
872.000000 154.182465
873.000000 52.988972
874.000000 199.239288
875.000000 241.861923
876.000000 161.440475
877.000000 299.258972
878.000000 121.874908
879.000000 348.389221
880.000000 137.732071
881.000000 168.376923
882.000000 71.199043
883.000000 120.348396
884.000000 185.478745
885.000000 161.487808
886.000000 220.389954
887.000000 393.892670
888.000000 345.896301
889.000000 197.971237
890.000000 255.635941
891.000000 117.544281
892.000000 103.704041
893.000000 241.655487
894.000000 100.694000
895.000000 53.060925
896.000000 327.888611
897.000000 243.610733
898.000000 202.302841
899.000000 56.100311
900.000000 194.271591
901.000000 242.713516
902.000000 107.037201
903.000000 52.184452
904.000000 116.141319
905.000000 332.010803
906.000000 173.688553
907.000000 137.210190
908.000000 132.101501
909.000000 249.186523
910.000000 52.744965
911.000000 272.134827
912.000000 109.326630
913.000000 481.083344
914.000000 476.462769
915.000000 217.348740
916.000000 50.123611
917.000000 314.500336
918.000000 277.468323
919.000000 156.515839
920.000000 130.364471
921.000000 157.064743
922.000000 274.572876
923.000000 106.499405
924.000000 120.117233
925.000000 69.511955
926.000000 85.625664
927.000000 83.351814
928.000000 222.647614
929.000000 155.134735
930.000000 252.668747
931.000000 282.735138
932.000000 193.540253
933.000000 93.169044
934.000000 165.281921
935.000000 84.812408
936.000000 169.424149
937.000000 212.690460
938.000000 159.991058
939.000000 191.027390
940.000000 139.772324
941.000000 167.872238
942.000000 21.109306
943.000000 142.526230
944.000000 198.456497
945.000000 75.192955
946.000000 241.392105
947.000000 194.862366
948.000000 55.159332
949.000000 212.693207
950.000000 148.173294
951.000000 75.841827
952.000000 78.025764
953.000000 272.626801
954.000000 190.823517
955.000000 236.967911
956.000000 98.678131
957.000000 109.287582
958.000000 216.447861
959.000000 87.093216
960.000000 266.247009
961.000000 145.377609
962.000000 249.165787
963.000000 168.577850
964.000000 96.669479
965.000000 290.247864
966.000000 137.930374
967.000000 204.810150
968.000000 40.116982
969.000000 380.030151
970.000000 165.083694
971.000000 176.659210
972.000000 473.641357
973.000000 136.620895
974.000000 292.697174
975.000000 114.929367
976.000000 279.780762
977.000000 150.248978
978.000000 233.089233
979.000000 87.447197
980.000000 201.215469
981.000000 268.793945
982.000000 133.443726
983.000000 90.662346
984.000000 79.701447
985.000000 307.026947
986.000000 206.511215
987.000000 57.180450
988.000000 138.601257
989.000000 32.927925
990.000000 161.337662
991.000000 148.442154
992.000000 936.349548
993.000000 92.755562
994.000000 116.963547
995.000000 40.075169
996.000000 151.189514
997.000000 230.456024
998.000000 161.436523
999.000000 368.998108
1000.000000 877.863037
1001.000000 74.945602
1002.000000 222.990494
1003.000000 179.647156
1004.000000 22.059389
1005.000000 194.112289
1006.000000 29.715292
1007.000000 80.625237
1008.000000 103.372597
1009.000000 97.848312
1010.000000 115.328148
1011.000000 313.394653
1012.000000 33.964462
1013.000000 249.257584
1014.000000 209.620117
1015.000000 190.589798
1016.000000 108.090820
1017.000000 250.757462
1018.000000 254.735779
1019.000000 43.030132
1020.000000 217.025299
1021.000000 230.669388
1022.000000 149.612167
1023.000000 228.306412
1024.000000 61.471409
1025.000000 228.306412
1026.000000 149.612167
1027.000000 230.669388
1028.000000 217.025299
1029.000000 43.030132
1030.000000 254.735779
1031.000000 250.757462
1032.000000 108.090820
1033.000000 190.589798
1034.000000 209.620117
1035.000000 249.257584
1036.000000 33.964462
1037.000000 313.394653
1038.000000 115.328148
1039.000000 97.848312
1040.000000 103.372597
1041.000000 80.625237
1042.000000 29.715292
1043.000000 194.112289
1044.000000 22.059389
1045.000000 179.647156
1046.000000 222.990494
1047.000000 74.945602
1048.000000 877.863037
1049.000000 368.998108
1050.000000 161.436523
1051.000000 230.456024
1052.000000 151.189514
1053.000000 40.075169
1054.000000 116.963547
1055.000000 92.755562
1056.000000 936.349548
1057.000000 148.442154
1058.000000 161.337662
1059.000000 32.927925
1060.000000 138.601257
1061.000000 57.180450
1062.000000 206.511215
1063.000000 307.026947
1064.000000 79.701447
1065.000000 90.662346
1066.000000 133.443726
1067.000000 268.793945
1068.000000 201.215469
1069.000000 87.447197
1070.000000 233.089233
1071.000000 150.248978
1072.000000 279.780762
1073.000000 114.929367
1074.000000 292.697174
1075.000000 136.620895
1076.000000 473.641357
1077.000000 176.659210
1078.000000 165.083694
1079.000000 380.030151
1080.000000 40.116982
1081.000000 204.810150
1082.000000 137.930374
1083.000000 290.247864
1084.000000 96.669479
1085.000000 168.577850
1086.000000 249.165787
1087.000000 145.377609
1088.000000 266.247009
1089.000000 87.093216
1090.000000 216.447861
1091.000000 109.287582
1092.000000 98.678131
1093.000000 236.967911
1094.000000 190.823517
1095.000000 272.626801
1096.000000 78.025764
1097.000000 75.841827
1098.000000 148.173294
1099.000000 212.693207
1100.000000 55.159332
1101.000000 194.862366
1102.000000 241.392105
1103.000000 75.192955
1104.000000 198.456497
1105.000000 142.526230
1106.000000 21.109306
1107.000000 167.872238
1108.000000 139.772324
1109.000000 191.027390
1110.000000 159.991058
1111.000000 212.690460
1112.000000 169.424149
1113.000000 84.812408
1114.000000 165.281921
1115.000000 93.169044
1116.000000 193.540253
1117.000000 282.735138
1118.000000 252.668747
1119.000000 155.134735
1120.000000 222.647614
1121.000000 83.351814
1122.000000 85.625664
1123.000000 69.511955
1124.000000 120.117233
1125.000000 106.499405
1126.000000 274.572876
1127.000000 157.064743
1128.000000 130.364471
1129.000000 156.515839
1130.000000 277.468323
1131.000000 314.500336
1132.000000 50.123611
1133.000000 217.348740
1134.000000 476.462769
1135.000000 481.083344
1136.000000 109.326630
1137.000000 272.134827
1138.000000 52.744965
1139.000000 249.186523
1140.000000 132.101501
1141.000000 137.210190
1142.000000 173.688553
1143.000000 332.010803
1144.000000 116.141319
1145.000000 52.184452
1146.000000 107.037201
1147.000000 242.713516
1148.000000 194.271591
1149.000000 56.100311
1150.000000 202.302841
1151.000000 243.610733
1152.000000 327.888611
1153.000000 53.060925
1154.000000 100.694000
1155.000000 241.655487
1156.000000 103.704041
1157.000000 117.544281
1158.000000 255.635941
1159.000000 197.971237
1160.000000 345.896301
1161.000000 393.892670
1162.000000 220.389954
1163.000000 161.487808
1164.000000 185.478745
1165.000000 120.348396
1166.000000 71.199043
1167.000000 168.376923
1168.000000 137.732071
1169.000000 348.389221
1170.000000 121.874908
1171.000000 299.258972
1172.000000 161.440475
1173.000000 241.861923
1174.000000 199.239288
1175.000000 52.988972
1176.000000 154.182465
1177.000000 154.794586
1178.000000 233.492477
1179.000000 98.102379
1180.000000 248.772354
1181.000000 51.682701
1182.000000 158.763214
1183.000000 272.986542
1184.000000 153.713776
1185.000000 186.300125
1186.000000 56.354382
1187.000000 243.088913
1188.000000 57.612484
1189.000000 131.437714
1190.000000 113.195869
1191.000000 69.109825
1192.000000 102.358223
1193.000000 183.937546
1194.000000 328.881622
1195.000000 34.024353
1196.000000 289.472260
1197.000000 40.493286
1198.000000 214.160416
1199.000000 31.679548
1200.000000 171.033478
1201.000000 217.144684
1202.000000 229.321289
1203.000000 77.124969
1204.000000 211.801041
1205.000000 44.579239
1206.000000 266.567841
1207.000000 457.282837
1208.000000 141.406082
1209.000000 236.999664
1210.000000 62.979816
1211.000000 172.488876
1212.000000 129.344315
1213.000000 84.394974
1214.000000 140.846558
1215.000000 88.940468
1216.000000 82.959137
1217.000000 219.214844
1218.000000 120.020622
1219.000000 243.022064
1220.000000 138.657196
1221.000000 103.065247
1222.000000 192.500259
1223.000000 77.966339
1224.000000 233.756439
1225.000000 204.488571
1226.000000 277.406189
1227.000000 121.814926
1228.000000 269.177948
1229.000000 397.065399
1230.000000 123.327080
1231.000000 242.840668
1232.000000 72.792923
1233.000000 72.437790
1234.000000 271.429749
1235.000000 270.841919
1236.000000 186.027313
1237.000000 218.116638
1238.000000 145.554321
1239.000000 201.412704
1240.000000 55.400120
1241.000000 380.311737
1242.000000 274.859955
1243.000000 254.203766
1244.000000 219.652283
1245.000000 250.920761
1246.000000 34.207352
1247.000000 171.419189
1248.000000 151.376663
1249.000000 194.179352
1250.000000 91.315170
1251.000000 66.585777
1252.000000 90.751869
1253.000000 208.716934
1254.000000 297.235535
1255.000000 157.146820
1256.000000 332.001495
1257.000000 277.498596
1258.000000 43.594463
1259.000000 140.790131
1260.000000 154.244751
1261.000000 171.461670
1262.000000 275.408417
1263.000000 356.388489
1264.000000 234.389359
1265.000000 41.797947
1266.000000 122.131935
1267.000000 166.450958
1268.000000 189.163116
1269.000000 194.238403
1270.000000 84.490654
1271.000000 178.057739
1272.000000 202.143921
1273.000000 111.392059
1274.000000 503.131439
1275.000000 190.477646
1276.000000 79.692757
1277.000000 281.475525
1278.000000 283.989410
1279.000000 197.209961
1280.000000 57.301254
1281.000000 209.161041
1282.000000 115.386559
1283.000000 180.315536
1284.000000 165.236679
1285.000000 212.945953
1286.000000 104.181618
1287.000000 63.221024
1288.000000 138.161102
1289.000000 430.321655
1290.000000 193.433594
1291.000000 58.397324
1292.000000 271.145996
1293.000000 75.379738
1294.000000 324.920074
1295.000000 258.943359
1296.000000 158.872849
1297.000000 303.388885
1298.000000 196.817139
1299.000000 98.649109
1300.000000 169.029831
1301.000000 49.429985
1302.000000 229.740952
1303.000000 214.754059
1304.000000 18.640474
1305.000000 201.095612
1306.000000 55.093048
1307.000000 134.271942
1308.000000 188.493164
1309.000000 222.844543
1310.000000 308.127533
1311.000000 344.494781
1312.000000 149.072189
1313.000000 409.595062
1314.000000 164.888184
1315.000000 59.776600
1316.000000 72.800682
1317.000000 109.039909
1318.000000 205.249039
1319.000000 183.775391
1320.000000 27.036423
1321.000000 197.790802
1322.000000 173.369049
1323.000000 44.144192
1324.000000 220.282394
1325.000000 149.780197
1326.000000 251.113586
1327.000000 80.199875
1328.000000 259.327637
1329.000000 104.308708
1330.000000 158.521790
1331.000000 197.496597
1332.000000 69.558800
1333.000000 227.927231
1334.000000 94.046944
1335.000000 150.717377
1336.000000 133.351807
1337.000000 179.487808
1338.000000 194.040100
1339.000000 65.902260
1340.000000 153.959579
1341.000000 318.101868
1342.000000 153.708755
1343.000000 64.914284
1344.000000 206.548248
1345.000000 314.501526
1346.000000 118.792740
1347.000000 158.851425
1348.000000 306.525909
1349.000000 303.547485
1350.000000 39.512806
1351.000000 135.848175
1352.000000 248.505692
1353.000000 196.934799
1354.000000 36.461647
1355.000000 66.344597
1356.000000 166.652588
1357.000000 225.258560
1358.000000 141.073029
1359.000000 199.167801
1360.000000 316.672455
1361.000000 101.388382
1362.000000 229.450180
1363.000000 82.900238
1364.000000 310.957031
1365.000000 354.768402
1366.000000 132.049240
1367.000000 137.691101
1368.000000 141.855377
1369.000000 276.557983
1370.000000 115.001892
1371.000000 77.432213
1372.000000 262.368195
1373.000000 246.993973
1374.000000 394.899170
1375.000000 356.262604
1376.000000 185.967209
1377.000000 309.963287
1378.000000 157.320496
1379.000000 74.387291
1380.000000 186.634003
1381.000000 461.498260
1382.000000 93.197609
1383.000000 132.564438
1384.000000 90.438301
1385.000000 87.035683
1386.000000 31.034498
1387.000000 200.499603
1388.000000 255.281479
1389.000000 188.709442
1390.000000 182.208679
1391.000000 254.033417
1392.000000 209.343613
1393.000000 75.703148
1394.000000 97.493752
1395.000000 245.852814
1396.000000 106.232346
1397.000000 110.302284
1398.000000 55.513031
1399.000000 50.476959
1400.000000 175.505081
1401.000000 158.501495
1402.000000 164.708984
1403.000000 261.472290
1404.000000 52.329105
1405.000000 244.865112
1406.000000 131.677139
1407.000000 421.203766
1408.000000 123.413612
1409.000000 155.583588
1410.000000 239.676025
1411.000000 211.817520
1412.000000 38.663464
1413.000000 177.623291
1414.000000 114.221436
1415.000000 140.112961
1416.000000 88.271797
1417.000000 104.619080
1418.000000 161.403900
1419.000000 255.170792
1420.000000 115.723450
1421.000000 193.355301
1422.000000 126.513588
1423.000000 193.411301
1424.000000 211.487000
1425.000000 279.261444
1426.000000 313.390045
1427.000000 231.068100
1428.000000 20.472801
1429.000000 94.300964
1430.000000 145.300400
1431.000000 96.561363
1432.000000 190.814789
1433.000000 240.874069
1434.000000 73.223595
1435.000000 209.100281
1436.000000 222.999725
1437.000000 272.216125
1438.000000 204.572571
1439.000000 109.911552
1440.000000 168.989441
1441.000000 190.620911
1442.000000 216.379425
1443.000000 111.666901
1444.000000 169.467682
1445.000000 170.845062
1446.000000 63.034863
1447.000000 13.979203
1448.000000 84.457008
1449.000000 179.000137
1450.000000 134.651077
1451.000000 88.613327
1452.000000 163.189056
1453.000000 202.004959
1454.000000 144.980469
1455.000000 21.442078
1456.000000 263.529297
1457.000000 208.631531
1458.000000 249.428223
1459.000000 128.982254
1460.000000 276.908569
1461.000000 246.467239
1462.000000 169.448227
1463.000000 147.457565
1464.000000 135.608215
1465.000000 115.677582
1466.000000 157.593231
1467.000000 9.454765
1468.000000 209.250107
1469.000000 123.343483
1470.000000 237.974030
1471.000000 187.828522
1472.000000 294.881226
1473.000000 235.600983
1474.000000 395.773224
1475.000000 127.102959
1476.000000 113.115067
1477.000000 177.855194
1478.000000 288.301361
1479.000000 44.074589
1480.000000 240.415482
1481.000000 231.669571
1482.000000 151.216156
1483.000000 117.345116
1484.000000 125.053818
1485.000000 158.473419
1486.000000 379.561951
1487.000000 211.423843
1488.000000 166.199646
1489.000000 52.798275
1490.000000 205.584854
1491.000000 292.968353
1492.000000 51.668758
1493.000000 207.358948
1494.000000 205.562988
1495.000000 104.243004
1496.000000 372.474609
1497.000000 104.137184
1498.000000 285.273468
1499.000000 216.034439
1500.000000 92.107971
1501.000000 37.471710
1502.000000 254.758591
1503.000000 231.382172
1504.000000 75.597122
1505.000000 506.570587
1506.000000 106.861069
1507.000000 264.365631
1508.000000 132.457458
1509.000000 86.408821
1510.000000 137.562088
1511.000000 189.563156
1512.000000 90.092949
1513.000000 137.764359
1514.000000 112.379433
1515.000000 291.891205
1516.000000 184.817230
1517.000000 180.591019
1518.000000 228.180634
1519.000000 205.596344
1520.000000 275.913055
1521.000000 231.781723
1522.000000 297.864441
1523.000000 114.111786
1524.000000 87.881058
1525.000000 149.904922
1526.000000 223.823303
1527.000000 60.286327
1528.000000 189.833740
1529.000000 162.170731
1530.000000 72.027824
1531.000000 183.007889
1532.000000 179.641052
1533.000000 248.952118
1534.000000 156.008713
1535.000000 303.764160
1536.000000 157.742722
1537.000000 560.628601
1538.000000 111.012260
1539.000000 190.111481
1540.000000 148.193970
1541.000000 293.018951
1542.000000 305.226044
1543.000000 108.248825
1544.000000 74.634583
1545.000000 43.807796
1546.000000 122.832909
1547.000000 133.911987
1548.000000 160.403076
1549.000000 263.328156
1550.000000 84.957245
1551.000000 175.364731
1552.000000 322.002594
1553.000000 78.757683
1554.000000 101.511360
1555.000000 55.890034
1556.000000 48.904129
1557.000000 213.943649
1558.000000 377.371216
1559.000000 103.725410
1560.000000 195.576614
1561.000000 76.202164
1562.000000 276.273102
1563.000000 49.003773
1564.000000 136.038620
1565.000000 193.214722
1566.000000 90.362762
1567.000000 67.784447
1568.000000 272.891754
1569.000000 294.291901
1570.000000 179.246994
1571.000000 162.241653
1572.000000 284.652344
1573.000000 136.984909
1574.000000 121.154701
1575.000000 136.244781
1576.000000 196.359009
1577.000000 36.130550
1578.000000 206.699585
1579.000000 323.053192
1580.000000 190.884628
1581.000000 153.962448
1582.000000 260.760162
1583.000000 179.879211
1584.000000 194.681259
1585.000000 219.602493
1586.000000 256.462921
1587.000000 149.147659
1588.000000 112.067307
1589.000000 214.410980
1590.000000 269.647064
1591.000000 274.325287
1592.000000 113.816696
1593.000000 56.901752
1594.000000 246.486023
1595.000000 227.171555
1596.000000 106.743530
1597.000000 97.070366
1598.000000 67.746346
1599.000000 331.156616
1600.000000 396.617096
1601.000000 59.697605
1602.000000 206.473892
1603.000000 150.478333
1604.000000 154.481598
1605.000000 223.459076
1606.000000 95.721642
1607.000000 150.067459
1608.000000 101.062096
1609.000000 209.906998
1610.000000 168.138092
1611.000000 125.733276
1612.000000 45.960014
1613.000000 130.359665
1614.000000 117.698822
1615.000000 166.883621
1616.000000 182.327072
1617.000000 61.692810
1618.000000 87.201996
1619.000000 287.925171
1620.000000 139.284164
1621.000000 30.180285
1622.000000 182.537537
1623.000000 103.154793
1624.000000 56.312634
1625.000000 121.090462
1626.000000 274.001648
1627.000000 141.718231
1628.000000 227.895554
1629.000000 135.665253
1630.000000 141.639435
1631.000000 120.662941
1632.000000 87.928391
1633.000000 57.272194
1634.000000 201.940277
1635.000000 310.083923
1636.000000 276.289886
1637.000000 152.736740
1638.000000 135.733444
1639.000000 358.240234
1640.000000 315.641174
1641.000000 310.616180
1642.000000 195.367737
1643.000000 243.709000
1644.000000 194.439072
1645.000000 205.336288
1646.000000 35.205040
1647.000000 128.889450
1648.000000 106.531189
1649.000000 269.542023
1650.000000 139.548538
1651.000000 192.906204
1652.000000 50.405697
1653.000000 259.564056
1654.000000 133.647491
1655.000000 38.493263
1656.000000 163.292358
1657.000000 174.043930
1658.000000 452.554199
1659.000000 137.061127
1660.000000 415.040894
1661.000000 47.646740
1662.000000 171.922379
1663.000000 113.701653
1664.000000 167.895889
1665.000000 75.239250
1666.000000 210.227921
1667.000000 232.450912
1668.000000 265.965027
1669.000000 197.735565
1670.000000 118.675858
1671.000000 359.170380
1672.000000 126.803101
1673.000000 198.718567
1674.000000 133.249008
1675.000000 120.062637
1676.000000 288.398651
1677.000000 136.784500
1678.000000 214.762390
1679.000000 395.284607
1680.000000 242.911041
1681.000000 42.324314
1682.000000 105.834724
1683.000000 215.631760
1684.000000 123.709366
1685.000000 82.459244
1686.000000 233.913101
1687.000000 286.675415
1688.000000 99.959641
1689.000000 164.372345
1690.000000 60.488178
1691.000000 302.885101
1692.000000 202.216141
1693.000000 161.529968
1694.000000 212.413925
1695.000000 351.389008
1696.000000 83.960548
1697.000000 310.066010
1698.000000 228.850235
1699.000000 230.885117
1700.000000 103.310997
1701.000000 17.614330
1702.000000 267.285309
1703.000000 364.548981
1704.000000 172.109741
1705.000000 254.795624
1706.000000 150.525146
1707.000000 111.074043
1708.000000 391.440918
1709.000000 221.772751
1710.000000 90.927589
1711.000000 203.431091
1712.000000 261.322876
1713.000000 140.669296
1714.000000 274.572418
1715.000000 62.899689
1716.000000 168.212692
1717.000000 160.855942
1718.000000 467.586487
1719.000000 146.789429
1720.000000 304.160858
1721.000000 118.216721
1722.000000 173.823273
1723.000000 207.305984
1724.000000 247.990097
1725.000000 58.769131
1726.000000 200.894943
1727.000000 164.965042
1728.000000 228.636322
1729.000000 280.072388
1730.000000 199.715820
1731.000000 102.459259
1732.000000 109.785759
1733.000000 118.883743
1734.000000 78.110115
1735.000000 128.881027
1736.000000 366.248840
1737.000000 124.252106
1738.000000 42.115887
1739.000000 323.659149
1740.000000 106.451424
1741.000000 178.675156
1742.000000 164.303421
1743.000000 96.428192
1744.000000 59.943874
1745.000000 91.136360
1746.000000 415.022278
1747.000000 244.529388
1748.000000 121.367882
1749.000000 105.381355
1750.000000 67.513718
1751.000000 193.856384
1752.000000 195.989624
1753.000000 81.415840
1754.000000 78.301788
1755.000000 122.682259
1756.000000 325.298065
1757.000000 52.726112
1758.000000 385.549316
1759.000000 186.394150
1760.000000 50.616436
1761.000000 167.152527
1762.000000 160.255539
1763.000000 257.724915
1764.000000 163.577423
1765.000000 113.283882
1766.000000 213.486008
1767.000000 150.444916
1768.000000 152.299683
1769.000000 436.099579
1770.000000 318.061646
1771.000000 316.758972
1772.000000 253.089020
1773.000000 287.937073
1774.000000 192.383575
1775.000000 270.684967
1776.000000 49.628960
1777.000000 68.363708
1778.000000 168.125565
1779.000000 136.374954
1780.000000 106.250870
1781.000000 176.307495
1782.000000 292.978973
1783.000000 281.101593
1784.000000 165.548019
1785.000000 48.027332
1786.000000 221.725464
1787.000000 101.875008
1788.000000 355.353058
1789.000000 303.044647
1790.000000 216.307190
1791.000000 105.388229
1792.000000 100.212502
1793.000000 104.082527
1794.000000 72.558708
1795.000000 174.976120
1796.000000 86.820396
1797.000000 24.765623
1798.000000 336.655853
1799.000000 244.908447
1800.000000 256.225220
1801.000000 257.421387
1802.000000 79.490395
1803.000000 283.895416
1804.000000 229.471680
1805.000000 153.790634
1806.000000 193.919662
1807.000000 317.450104
1808.000000 321.806000
1809.000000 104.042213
1810.000000 226.583389
1811.000000 288.235046
1812.000000 139.736542
1813.000000 106.745491
1814.000000 109.664124
1815.000000 219.294510
1816.000000 178.337418
1817.000000 174.463303
1818.000000 79.682350
1819.000000 201.456818
1820.000000 57.824120
1821.000000 314.720032
1822.000000 285.898529
1823.000000 23.945709
1824.000000 176.686951
1825.000000 118.729729
1826.000000 34.173836
1827.000000 232.874481
1828.000000 326.999176
1829.000000 67.603874
1830.000000 260.193512
1831.000000 152.953827
1832.000000 88.849854
1833.000000 305.610779
1834.000000 146.300323
1835.000000 191.772018
1836.000000 67.594063
1837.000000 287.513763
1838.000000 277.832855
1839.000000 150.859482
1840.000000 217.296768
1841.000000 197.357864
1842.000000 150.120010
1843.000000 150.900894
1844.000000 182.671906
1845.000000 326.465607
1846.000000 196.056946
1847.000000 519.025635
1848.000000 180.853317
1849.000000 221.221451
1850.000000 134.103088
1851.000000 402.430481
1852.000000 366.958923
1853.000000 57.420097
1854.000000 74.213623
1855.000000 218.530914
1856.000000 160.348755
1857.000000 163.923538
1858.000000 56.800461
1859.000000 231.272552
1860.000000 23.998913
1861.000000 333.088501
1862.000000 75.280800
1863.000000 135.787628
1864.000000 145.060669
1865.000000 68.948166
1866.000000 205.823624
1867.000000 331.529236
1868.000000 216.735703
1869.000000 108.327324
1870.000000 365.745056
1871.000000 143.446060
1872.000000 95.236275
1873.000000 152.871262
1874.000000 70.318901
1875.000000 195.047424
1876.000000 245.038315
1877.000000 245.026688
1878.000000 98.513184
1879.000000 62.923744
1880.000000 427.098358
1881.000000 255.358841
1882.000000 49.593727
1883.000000 217.303650
1884.000000 167.206558
1885.000000 135.404816
1886.000000 121.283890
1887.000000 191.948639
1888.000000 61.970722
1889.000000 98.262047
1890.000000 187.038971
1891.000000 366.792511
1892.000000 132.076401
1893.000000 247.888809
1894.000000 346.277130
1895.000000 203.442810
1896.000000 306.834198
1897.000000 143.260269
1898.000000 197.158844
1899.000000 84.489105
1900.000000 85.301926
1901.000000 153.537857
1902.000000 270.927063
1903.000000 265.301514
1904.000000 107.113876
1905.000000 243.892532
1906.000000 302.133789
1907.000000 164.301239
1908.000000 235.604019
1909.000000 185.109146
1910.000000 211.999329
1911.000000 364.790100
1912.000000 236.395828
1913.000000 163.820038
1914.000000 273.266266
1915.000000 172.347763
1916.000000 207.771835
1917.000000 217.189789
1918.000000 227.477753
1919.000000 158.537766
1920.000000 119.230568
1921.000000 28.570181
1922.000000 218.464325
1923.000000 153.345749
1924.000000 250.891724
1925.000000 151.973175
1926.000000 144.081543
1927.000000 406.861237
1928.000000 33.084572
1929.000000 192.037964
1930.000000 105.219765
1931.000000 272.128845
1932.000000 208.838074
1933.000000 96.552132
1934.000000 266.732239
1935.000000 222.677460
1936.000000 135.659866
1937.000000 171.340363
1938.000000 116.930664
1939.000000 165.575836
1940.000000 60.267963
1941.000000 430.785248
1942.000000 199.014038
1943.000000 113.242928
1944.000000 36.527981
1945.000000 150.322021
1946.000000 173.927658
1947.000000 91.125008
1948.000000 317.675751
1949.000000 337.629669
1950.000000 147.519516
1951.000000 187.785080
1952.000000 241.924683
1953.000000 54.983189
1954.000000 189.118439
1955.000000 11.517442
1956.000000 285.513153
1957.000000 306.412415
1958.000000 194.610626
1959.000000 208.328415
1960.000000 136.477402
1961.000000 99.027298
1962.000000 221.345810
1963.000000 83.576576
1964.000000 89.743179
1965.000000 140.385223
1966.000000 203.713226
1967.000000 381.946625
1968.000000 136.893219
1969.000000 429.808777
1970.000000 95.994545
1971.000000 199.718811
1972.000000 112.863411
1973.000000 171.821472
1974.000000 47.727901
1975.000000 180.977188
1976.000000 108.894142
1977.000000 158.210648
1978.000000 419.881226
1979.000000 111.731033
1980.000000 286.319397
1981.000000 212.944290
1982.000000 258.663239
1983.000000 239.623245
1984.000000 365.815765
1985.000000 228.391174
1986.000000 89.366547
1987.000000 123.625214
1988.000000 185.284683
1989.000000 59.528336
1990.000000 143.156982
1991.000000 171.338043
1992.000000 214.799164
1993.000000 188.757492
1994.000000 36.083050
1995.000000 195.537445
1996.000000 96.994392
1997.000000 192.189896
1998.000000 245.155716
1999.000000 148.514267
2000.000000 152.076599
2001.000000 156.845459
2002.000000 156.325806
2003.000000 38.941017
2004.000000 79.505142
2005.000000 148.564484
2006.000000 122.625832
2007.000000 148.196503
2008.000000 88.064568
2009.000000 259.453766
2010.000000 226.710144
2011.000000 252.652832
2012.000000 154.306366
2013.000000 201.130569
2014.000000 93.639488
2015.000000 184.035889
2016.000000 260.213867
2017.000000 96.657196
2018.000000 117.054115
2019.000000 225.365845
2020.000000 102.916145
2021.000000 156.826431
2022.000000 48.747978
2023.000000 67.766342
2024.000000 192.173065
2025.000000 192.905289
2026.000000 147.685745
2027.000000 133.726425
2028.000000 314.751312
2029.000000 141.750626
2030.000000 106.083496
2031.000000 442.233063
2032.000000 401.120514
2033.000000 146.046295
2034.000000 187.267685
2035.000000 207.442581
2036.000000 190.746567
2037.000000 95.023529
2038.000000 327.428864
2039.000000 99.947632
2040.000000 227.782593
2041.000000 121.881264
2042.000000 159.283630
2043.000000 421.865173
2044.000000 27.505917
2045.000000 218.806839
2046.000000 145.850159
2047.000000 105.575874
