0.000000 -5.776912
1.000000 -2.052255
2.000000 -5.137878
3.000000 1.456676
4.000000 -1.223689
5.000000 -2.931273
6.000000 2.268284
7.000000 10.894746
8.000000 -0.044538
9.000000 3.857755
10.000000 1.610311
11.000000 -0.420887
12.000000 -1.160447
13.000000 -0.937072
14.000000 -11.234187
15.000000 1.045210
16.000000 3.038287
17.000000 0.945663
18.000000 0.613770
19.000000 -0.290542
20.000000 3.816163
21.000000 -4.702714
22.000000 2.541573
23.000000 -5.264565
24.000000 -2.602617
25.000000 -5.952583
26.000000 1.510118
27.000000 -0.907989
28.000000 -1.185214
29.000000 -3.735942
30.000000 1.291925
31.000000 6.762157
32.000000 -3.101883
33.000000 -3.637601
34.000000 -0.759294
35.000000 1.577873
36.000000 2.000879
37.000000 -3.280673
38.000000 -5.132938
39.000000 2.277055
40.000000 3.428744
41.000000 1.686707
42.000000 3.978597
43.000000 -3.259102
44.000000 -5.470461
45.000000 2.045550
46.000000 -7.037703
47.000000 -4.316482
48.000000 -2.531116
49.000000 0.857763
50.000000 -0.229885
51.000000 6.611776
52.000000 -2.783027
53.000000 3.976672
54.000000 -5.703448
55.000000 -3.609552
56.000000 4.472051
57.000000 -1.675860
58.000000 3.399978
59.000000 -1.527768
60.000000 0.953837
61.000000 -4.430717
62.000000 4.163224
63.000000 6.336161
64.000000 8.322754
65.000000 -2.528154
66.000000 3.726147
67.000000 3.612527
68.000000 3.467078
69.000000 3.914086
70.000000 -0.293090
71.000000 0.986647
72.000000 0.525279
73.000000 3.442174
74.000000 -0.650630
75.000000 7.582958
76.000000 0.962133
77.000000 -1.264689
78.000000 1.731406
79.000000 -3.977281
80.000000 1.208722
81.000000 1.805925
82.000000 5.994611
83.000000 -8.292217
84.000000 -6.511514
85.000000 2.481909
86.000000 0.119822
87.000000 -0.121150
88.000000 2.496949
89.000000 -3.903277
90.000000 -0.268971
91.000000 -5.054626
92.000000 -1.705751
93.000000 5.338703
94.000000 1.694486
95.000000 -5.790462
96.000000 7.130218
97.000000 0.858590
98.000000 3.534687
99.000000 8.448121
100.000000 -10.463166
101.000000 -8.200379
102.000000 2.599461
103.000000 0.587243
104.000000 -8.805000
105.000000 2.054109
106.000000 -3.218273
107.000000 -4.190812
108.000000 1.348430
109.000000 -0.064379
110.000000 -2.943266
111.000000 -5.070263
112.000000 -0.412808
113.000000 -3.346806
114.000000 -4.019540
115.000000 -1.253178
116.000000 3.656351
117.000000 -1.213309
118.000000 0.288139
119.000000 -2.496763
120.000000 5.453190
121.000000 -2.118587
122.000000 3.753758
123.000000 -3.234975
124.000000 3.465141
125.000000 3.418332
126.000000 -0.960605
127.000000 2.886954
128.000000 -7.242482
129.000000 5.324115
130.000000 9.010892
131.000000 3.304882
132.000000 -5.533040
133.000000 -3.514321
134.000000 6.433712
135.000000 1.669030
136.000000 -4.693574
137.000000 -5.914851
138.000000 -2.977930
139.000000 -3.452351
140.000000 12.375341
141.000000 8.000507
142.000000 -2.142008
143.000000 -7.534652
144.000000 -7.987264
145.000000 -2.655691
146.000000 1.873816
147.000000 3.194743
148.000000 -5.993562
149.000000 6.456872
150.000000 3.163837
151.000000 -5.351883
152.000000 -5.633819
153.000000 1.735311
154.000000 -4.966916
155.000000 -5.377594
156.000000 -5.422799
157.000000 0.703957
158.000000 5.543739
159.000000 2.765228
160.000000 -8.724775
161.000000 -1.474635
162.000000 -5.089022
163.000000 0.828891
164.000000 3.702235
165.000000 -7.639216
166.000000 8.166883
167.000000 3.903073
168.000000 4.717089
169.000000 -1.897022
170.000000 2.901318
171.000000 1.498356
172.000000 3.917539
173.000000 2.038189
174.000000 -3.269001
175.000000 -1.115839
176.000000 6.138663
177.000000 2.593058
178.000000 -4.568777
179.000000 4.207585
180.000000 1.323701
181.000000 8.681736
182.000000 1.652029
183.000000 -4.132853
184.000000 0.076636
185.000000 -7.645393
186.000000 5.750933
187.000000 2.523106
188.000000 -1.818403
189.000000 2.817146
190.000000 2.481730
191.000000 -11.323092
192.000000 -1.841864
193.000000 3.497077
194.000000 0.623110
195.000000 2.470898
196.000000 8.768239
197.000000 -0.010189
198.000000 5.126897
199.000000 7.126707
200.000000 1.899087
201.000000 5.746441
202.000000 1.972724
203.000000 -2.561883
204.000000 1.763135
205.000000 4.727297
206.000000 5.540552
207.000000 -4.026220
208.000000 0.410294
209.000000 9.072411
210.000000 -2.031574
211.000000 2.769680
212.000000 2.467519
213.000000 2.624925
214.000000 -4.535352
215.000000 1.464648
216.000000 4.034620
217.000000 2.092385
218.000000 -2.232965
219.000000 -1.379393
220.000000 -8.486465
221.000000 -4.716753
222.000000 -5.451277
223.000000 -3.340274
224.000000 -0.459797
225.000000 4.045651
226.000000 2.731224
227.000000 -2.048255
228.000000 0.679268
229.000000 -4.621986
230.000000 0.504022
231.000000 4.286002
232.000000 5.331406
233.000000 -3.978590
234.000000 -1.809475
235.000000 2.234583
236.000000 -3.311683
237.000000 7.733615
238.000000 0.553213
239.000000 -0.631823
240.000000 1.146610
241.000000 7.462797
242.000000 0.601997
243.000000 -0.237121
244.000000 7.254433
245.000000 2.212806
246.000000 7.870579
247.000000 7.457515
248.000000 9.739097
249.000000 0.435568
250.000000 -6.626514
251.000000 -6.810697
252.000000 0.573588
253.000000 5.243378
254.000000 -1.228928
255.000000 -0.904239
256.000000 7.607142
257.000000 1.347541
258.000000 -2.600011
259.000000 -2.365361
260.000000 -4.542663
261.000000 -1.109709
262.000000 -3.586524
263.000000 7.700104
264.000000 -1.831663
265.000000 0.851744
266.000000 -2.188408
267.000000 -6.683296
268.000000 8.097443
269.000000 -3.742171
270.000000 6.223454
271.000000 -4.888375
272.000000 3.989805
273.000000 6.682264
274.000000 2.094764
275.000000 -1.211883
276.000000 4.520422
277.000000 -0.073931
278.000000 -2.710434
279.000000 -0.049616
280.000000 0.776378
281.000000 -1.556726
282.000000 -6.291017
283.000000 3.244571
284.000000 -5.186778
285.000000 -2.625980
286.000000 4.764643
287.000000 1.399581
288.000000 -4.563666
289.000000 4.429176
290.000000 -1.402404
291.000000 0.467004
292.000000 7.481046
293.000000 -5.753910
294.000000 -1.823795
295.000000 -2.152509
296.000000 5.685812
297.000000 -4.387315
298.000000 5.707532
299.000000 5.129416
300.000000 -4.874108
301.000000 -4.541342
302.000000 3.965406
303.000000 4.566559
304.000000 3.697892
305.000000 -6.811836
306.000000 2.191851
307.000000 6.376865
308.000000 -0.650140
309.000000 -3.725468
310.000000 -6.680913
311.000000 1.364256
312.000000 -1.226331
313.000000 0.669839
314.000000 -0.161227
315.000000 -0.932413
316.000000 -3.020293
317.000000 -0.354544
318.000000 -2.708004
319.000000 -2.367399
320.000000 2.742726
321.000000 1.599791
322.000000 5.107867
323.000000 -3.816437
324.000000 -9.587208
325.000000 -6.572197
326.000000 8.237129
327.000000 2.357296
328.000000 2.018010
329.000000 4.549584
330.000000 1.870085
331.000000 0.059302
332.000000 -0.534837
333.000000 4.020723
334.000000 -8.631935
335.000000 -2.234744
336.000000 -2.812156
337.000000 1.090302
338.000000 0.786376
339.000000 2.474351
340.000000 -0.020646
341.000000 -2.360735
342.000000 -3.552202
343.000000 0.828459
344.000000 3.267671
345.000000 2.543187
346.000000 -2.932969
347.000000 -3.317449
348.000000 4.373324
349.000000 -1.621401
350.000000 8.876727
351.000000 -7.315509
352.000000 -5.092747
353.000000 1.905027
354.000000 1.682629
355.000000 1.415622
356.000000 3.617952
357.000000 1.480752
358.000000 -1.949594
359.000000 -0.851173
360.000000 -0.509802
361.000000 2.391239
362.000000 5.621832
363.000000 4.963865
364.000000 6.729818
365.000000 -3.094514
366.000000 -0.585166
367.000000 9.726451
368.000000 -3.339030
369.000000 -1.803170
370.000000 -2.058705
371.000000 -2.180221
372.000000 -6.378379
373.000000 -3.325963
374.000000 -3.264731
375.000000 0.263329
376.000000 -2.005016
377.000000 -0.672803
378.000000 -0.677662
379.000000 1.708491
380.000000 1.503242
381.000000 5.546578
382.000000 3.952355
383.000000 -9.962042
384.000000 -3.222254
385.000000 -1.267262
386.000000 0.224674
387.000000 -2.977686
388.000000 6.436660
389.000000 -3.368048
390.000000 1.577174
391.000000 -10.232576
392.000000 1.733478
393.000000 6.821636
394.000000 -2.027617
395.000000 8.647174
396.000000 0.357363
397.000000 7.256855
398.000000 -0.656837
399.000000 6.954102
400.000000 1.629626
401.000000 -4.850289
402.000000 2.389656
403.000000 -7.389493
404.000000 -7.787432
405.000000 -2.659178
406.000000 2.043725
407.000000 12.087635
408.000000 1.421611
409.000000 3.796334
410.000000 -1.946434
411.000000 3.565019
412.000000 -1.254525
413.000000 -2.700698
414.000000 -0.877076
415.000000 5.285532
416.000000 -6.553930
417.000000 -3.245430
418.000000 1.659832
419.000000 -0.985894
420.000000 3.947655
421.000000 1.835055
422.000000 2.182421
423.000000 0.313996
424.000000 -0.170784
425.000000 -1.393742
426.000000 5.106986
427.000000 7.560583
428.000000 0.648498
429.000000 -4.403057
430.000000 -9.379085
431.000000 -0.838363
432.000000 -3.012120
433.000000 1.438270
434.000000 -4.917789
435.000000 10.929311
436.000000 6.712624
437.000000 3.473414
438.000000 5.822475
439.000000 6.076401
440.000000 6.036247
441.000000 -5.805478
442.000000 -1.818485
443.000000 0.098297
444.000000 -1.350378
445.000000 8.031161
446.000000 2.609736
447.000000 -1.486976
448.000000 -3.214227
449.000000 2.606817
450.000000 1.063759
451.000000 -4.080000
452.000000 1.130758
453.000000 2.000194
454.000000 6.609959
455.000000 -1.165908
456.000000 7.584376
457.000000 2.189602
458.000000 5.392886
459.000000 7.112630
460.000000 -6.768963
461.000000 -3.741652
462.000000 0.666143
463.000000 -5.594492
464.000000 -1.053960
465.000000 -0.753991
466.000000 -7.174847
467.000000 0.438770
468.000000 -5.723573
469.000000 -0.991498
470.000000 0.712180
471.000000 2.485879
472.000000 -8.840114
473.000000 -5.411695
474.000000 -1.532477
475.000000 -7.762669
476.000000 7.615766
477.000000 0.547210
478.000000 -1.393911
479.000000 -1.570256
480.000000 -3.839906
481.000000 -5.384873
482.000000 5.182133
483.000000 -4.916305
484.000000 -10.196508
485.000000 -3.212636
486.000000 -1.239022
487.000000 -3.615159
488.000000 -4.568768
489.000000 1.998920
490.000000 1.505095
491.000000 1.428071
492.000000 1.955997
493.000000 3.834100
494.000000 0.736488
495.000000 -7.094443
496.000000 -2.884533
497.000000 7.933436
498.000000 6.359319
499.000000 -2.673815
500.000000 5.422845
501.000000 -4.631143
502.000000 -4.024378
503.000000 -1.804732
504.000000 1.602566
505.000000 -1.638890
506.000000 -1.410128
507.000000 -1.041010
508.000000 5.842360
509.000000 3.922446
510.000000 7.294640
511.000000 -1.491287
512.000000 3.006896
513.000000 4.295352
514.000000 -3.323590
515.000000 6.279048
516.000000 -2.824049
517.000000 2.354686
518.000000 3.464025
519.000000 -0.889057
520.000000 3.836225
521.000000 4.936668
522.000000 6.726078
523.000000 -9.906001
524.000000 1.404372
525.000000 -2.310574
526.000000 -0.054484
527.000000 0.552124
528.000000 8.144279
529.000000 -1.412687
530.000000 1.927849
531.000000 -4.249365
532.000000 -5.001610
533.000000 -0.567194
534.000000 0.171861
535.000000 -5.583991
536.000000 1.021124
537.000000 6.120383
538.000000 4.798724
539.000000 -4.173036
540.000000 -5.091249
541.000000 3.298717
542.000000 -2.118526
543.000000 -2.925218
544.000000 4.525184
545.000000 -6.728340
546.000000 4.373779
547.000000 -8.866334
548.000000 -5.684722
549.000000 6.402561
550.000000 2.139923
551.000000 -1.208049
552.000000 -4.363867
553.000000 -3.389568
554.000000 0.604661
555.000000 -2.638220
556.000000 -1.737908
557.000000 -1.809960
558.000000 -1.233059
559.000000 -1.773921
560.000000 1.551450
561.000000 5.892323
562.000000 1.281989
563.000000 -1.317782
564.000000 -3.528337
565.000000 -4.574917
566.000000 4.161197
567.000000 7.396358
568.000000 3.784313
569.000000 -2.420702
570.000000 3.584033
571.000000 -9.448071
572.000000 -3.419954
573.000000 1.104223
574.000000 3.669056
575.000000 0.069294
576.000000 -1.140888
577.000000 2.934319
578.000000 -1.114651
579.000000 6.375023
580.000000 3.217784
581.000000 1.847956
582.000000 -3.811746
583.000000 3.572172
584.000000 0.154929
585.000000 3.899773
586.000000 -4.407361
587.000000 1.919526
588.000000 4.782497
589.000000 -0.106222
590.000000 0.955350
591.000000 10.410513
592.000000 1.476960
593.000000 -1.264676
594.000000 -1.046114
595.000000 -9.611691
596.000000 4.905879
597.000000 -1.586697
598.000000 -4.432662
599.000000 3.841856
600.000000 -4.445989
601.000000 -9.256236
602.000000 5.413665
603.000000 -7.833290
604.000000 -2.019214
605.000000 5.179513
606.000000 6.871637
607.000000 5.680619
608.000000 -0.554190
609.000000 -6.122595
610.000000 7.427485
611.000000 -9.372361
612.000000 5.235455
613.000000 -4.542513
614.000000 5.178742
615.000000 7.442440
616.000000 1.181716
617.000000 0.895501
618.000000 -5.254589
619.000000 -3.023809
620.000000 -1.559215
621.000000 0.666105
622.000000 6.753487
623.000000 0.789280
624.000000 4.377847
625.000000 -7.255377
626.000000 -1.058881
627.000000 -2.554937
628.000000 -7.320499
629.000000 3.653346
630.000000 -8.715186
631.000000 -6.501605
632.000000 10.205358
633.000000 -0.064560
634.000000 7.241183
635.000000 -0.013551
636.000000 3.794457
637.000000 2.586198
638.000000 -4.604841
639.000000 1.426166
640.000000 -3.515334
641.000000 0.254851
642.000000 -1.377864
643.000000 -6.215244
644.000000 -3.817453
645.000000 3.255119
646.000000 2.134089
647.000000 3.507055
648.000000 1.049211
649.000000 6.994440
650.000000 1.360547
651.000000 -2.476639
652.000000 -0.654679
653.000000 -3.954350
654.000000 -9.705887
655.000000 -0.850390
656.000000 4.842715
657.000000 -2.380598
658.000000 0.057538
659.000000 6.218719
660.000000 -1.263206
661.000000 -1.507141
662.000000 0.760742
663.000000 -3.748550
664.000000 -1.343287
665.000000 1.013322
666.000000 -1.788736
667.000000 -9.822013
668.000000 -4.993025
669.000000 3.642628
670.000000 -8.347250
671.000000 -5.369550
672.000000 4.373147
673.000000 -2.754260
674.000000 4.487505
675.000000 -3.475766
676.000000 0.444130
677.000000 4.176600
678.000000 9.370725
679.000000 -2.406618
680.000000 -1.010918
681.000000 3.418729
682.000000 -3.238670
683.000000 -2.602920
684.000000 -1.108607
685.000000 -5.086867
686.000000 -3.061334
687.000000 2.647116
688.000000 -4.904887
689.000000 -4.329432
690.000000 -0.002671
691.000000 6.028878
692.000000 0.631634
693.000000 -1.885590
694.000000 0.814581
695.000000 -1.648381
696.000000 2.001933
697.000000 5.462596
698.000000 2.482756
699.000000 8.956570
700.000000 1.223348
701.000000 -2.820571
702.000000 0.628485
703.000000 6.387475
704.000000 -7.513321
705.000000 -1.665394
706.000000 -5.268035
707.000000 -9.251217
708.000000 -2.013461
709.000000 -1.279142
710.000000 2.071187
711.000000 0.975725
712.000000 -5.532656
713.000000 8.607460
714.000000 -0.444171
715.000000 1.650748
716.000000 2.202769
717.000000 -6.039187
718.000000 -3.145787
719.000000 1.193089
720.000000 -8.379970
721.000000 5.063534
722.000000 0.322762
723.000000 -3.657498
724.000000 -0.071539
725.000000 -1.728439
726.000000 5.814359
727.000000 -6.059439
728.000000 10.403312
729.000000 -7.158653
730.000000 -1.248811
731.000000 -0.966038
732.000000 -0.762648
733.000000 -1.992321
734.000000 -5.506069
735.000000 -0.954700
736.000000 -4.758891
737.000000 -8.616660
738.000000 -0.803233
739.000000 -2.540895
740.000000 -4.982448
741.000000 -1.696919
742.000000 -15.354430
743.000000 -0.906330
744.000000 -4.135347
745.000000 -5.927938
746.000000 5.043818
747.000000 -4.677098
748.000000 -4.976143
749.000000 0.722104
750.000000 -7.096878
751.000000 -3.427854
752.000000 -0.056590
753.000000 3.717705
754.000000 -4.097034
755.000000 -3.175175
756.000000 -5.285136
757.000000 1.909318
758.000000 3.177670
759.000000 -4.017182
760.000000 2.399611
761.000000 2.295671
762.000000 3.024664
763.000000 -1.802809
764.000000 -3.870246
765.000000 0.746029
766.000000 2.020597
767.000000 -4.745705
768.000000 5.180057
769.000000 12.541098
770.000000 -1.415132
771.000000 6.365237
772.000000 -0.768185
773.000000 6.106375
774.000000 -2.425687
775.000000 3.314198
776.000000 -6.245210
777.000000 -2.933651
778.000000 -9.901829
779.000000 3.207306
780.000000 -6.258496
781.000000 0.643312
782.000000 -4.027208
783.000000 1.370340
784.000000 4.761372
785.000000 1.313904
786.000000 -1.645322
787.000000 1.913568
788.000000 -3.552762
789.000000 3.004455
790.000000 -6.092778
791.000000 1.527933
792.000000 0.673379
793.000000 1.971810
794.000000 -4.368023
795.000000 0.907797
796.000000 -7.515982
797.000000 -1.585098
798.000000 -5.125286
799.000000 1.672381
800.000000 -4.748582
801.000000 3.825331
802.000000 -3.069618
803.000000 3.310307
804.000000 -7.209562
805.000000 4.944701
806.000000 -1.306921
807.000000 -6.260297
808.000000 1.959663
809.000000 1.755739
810.000000 -1.678035
811.000000 0.500151
812.000000 -9.446707
813.000000 4.801768
814.000000 2.448410
815.000000 -3.438685
816.000000 -11.880113
817.000000 4.274075
818.000000 4.056464
819.000000 2.258762
820.000000 2.019107
821.000000 2.745238
822.000000 -6.469038
823.000000 -0.762076
824.000000 -1.302567
825.000000 3.301151
826.000000 7.625878
827.000000 3.020193
828.000000 0.949056
829.000000 1.317019
830.000000 3.276354
831.000000 -1.180040
832.000000 3.907667
833.000000 -0.373737
834.000000 -9.046298
835.000000 8.365027
836.000000 3.486618
837.000000 7.254805
838.000000 3.006156
839.000000 -0.166224
840.000000 4.137331
841.000000 -1.779693
842.000000 6.828775
843.000000 2.438494
844.000000 1.895792
845.000000 5.504415
846.000000 0.133888
847.000000 -3.053881
848.000000 16.130159
849.000000 -3.331439
850.000000 -0.314730
851.000000 -1.970557
852.000000 3.559478
853.000000 -0.579044
854.000000 3.561850
855.000000 -4.395320
856.000000 1.406953
857.000000 0.279473
858.000000 -1.175657
859.000000 -1.878968
860.000000 -1.230319
861.000000 4.542065
862.000000 9.388980
863.000000 -6.586520
864.000000 -8.786959
865.000000 2.791452
866.000000 2.654646
867.000000 0.794080
868.000000 0.925055
869.000000 2.561460
870.000000 -1.863147
871.000000 -7.697411
872.000000 0.742861
873.000000 3.624899
874.000000 -2.073221
875.000000 0.640498
876.000000 5.557210
877.000000 0.883981
878.000000 8.388252
879.000000 -7.781138
880.000000 2.807672
881.000000 4.672320
882.000000 7.661106
883.000000 -5.100687
884.000000 -5.609535
885.000000 -1.960357
886.000000 -4.988967
887.000000 -0.361418
888.000000 -2.262328
889.000000 -4.642419
890.000000 -1.282536
891.000000 1.645465
892.000000 -3.041594
893.000000 -1.815933
894.000000 1.211398
895.000000 -0.108789
896.000000 -0.986723
897.000000 6.266530
898.000000 4.172303
899.000000 -0.280811
900.000000 -0.885924
901.000000 -4.700812
902.000000 -2.131398
903.000000 0.147435
904.000000 -2.514446
905.000000 4.205839
906.000000 -5.977067
907.000000 -8.052115
908.000000 -5.957054
909.000000 -5.140038
910.000000 -6.172246
911.000000 -0.857144
912.000000 -2.060252
913.000000 -3.144800
914.000000 -2.135087
915.000000 -0.677642
916.000000 10.111596
917.000000 1.009327
918.000000 3.056072
919.000000 1.821083
920.000000 -3.781206
921.000000 -0.713522
922.000000 -2.689603
923.000000 -2.276312
924.000000 -3.139609
925.000000 -1.046279
926.000000 -1.730392
927.000000 -2.931814
928.000000 0.432065
929.000000 -1.766585
930.000000 -0.227913
931.000000 -0.236175
932.000000 4.570749
933.000000 -0.123584
934.000000 -0.312169
935.000000 5.699773
936.000000 1.684135
937.000000 10.007102
938.000000 -1.959864
939.000000 0.658168
940.000000 1.825537
941.000000 3.908583
942.000000 -1.344215
943.000000 -11.271211
944.000000 -4.788400
945.000000 2.094232
946.000000 -3.521375
947.000000 -5.738956
948.000000 3.607205
949.000000 -0.675238
950.000000 0.858726
951.000000 2.281436
952.000000 -4.315536
953.000000 5.975929
954.000000 -1.858941
955.000000 0.166836
956.000000 0.858017
957.000000 3.537214
958.000000 2.706480
959.000000 7.470926
960.000000 5.696376
961.000000 -1.608412
962.000000 6.961301
963.000000 10.958649
964.000000 -2.586410
965.000000 -4.974544
966.000000 2.971017
967.000000 -5.083675
968.000000 -1.282771
969.000000 8.841537
970.000000 3.030343
971.000000 4.247949
972.000000 6.512201
973.000000 -8.063647
974.000000 6.870167
975.000000 1.396502
976.000000 1.369870
977.000000 -4.391382
978.000000 -7.525503
979.000000 -0.379945
980.000000 -6.977083
981.000000 -6.449613
982.000000 -2.415612
983.000000 -4.738335
984.000000 -1.157027
985.000000 -2.936162
986.000000 -8.166689
987.000000 -3.814912
988.000000 -2.221086
989.000000 1.687001
990.000000 4.253309
991.000000 -4.789524
992.000000 -1.538767
993.000000 2.134395
994.000000 4.309158
995.000000 8.046745
996.000000 -4.123163
997.000000 -3.923245
998.000000 2.588221
999.000000 -4.145331
1000.000000 -2.555702
1001.000000 3.103822
1002.000000 -3.051339
1003.000000 -9.798403
1004.000000 0.222389
1005.000000 -3.111763
1006.000000 -0.455857
1007.000000 7.654223
1008.000000 -1.360172
1009.000000 2.390053
1010.000000 7.030655
1011.000000 0.647944
1012.000000 2.639042
1013.000000 2.084004
1014.000000 4.862673
1015.000000 2.458961
1016.000000 1.750145
1017.000000 4.673008
1018.000000 2.293652
1019.000000 2.115790
1020.000000 5.755482
1021.000000 1.129025
1022.000000 6.311483
1023.000000 2.010980
1024.000000 4.125664
1025.000000 8.239482
1026.000000 4.012206
1027.000000 8.392620
1028.000000 -0.139994
1029.000000 6.747116
1030.000000 -2.331686
1031.000000 1.795804
1032.000000 6.837002
1033.000000 3.327408
1034.000000 -3.290076
1035.000000 0.031653
1036.000000 1.814140
1037.000000 2.954254
1038.000000 0.381028
1039.000000 1.717272
1040.000000 4.499172
1041.000000 5.790202
1042.000000 -5.553103
1043.000000 1.502592
1044.000000 2.068044
1045.000000 2.266883
1046.000000 -2.376007
1047.000000 -6.820429
1048.000000 6.295609
1049.000000 3.474999
1050.000000 0.993868
1051.000000 -4.256294
1052.000000 2.576039
1053.000000 -10.498269
1054.000000 -1.218550
1055.000000 4.483387
1056.000000 -2.761354
1057.000000 -1.903044
1058.000000 -0.192680
1059.000000 0.359686
1060.000000 -2.810339
1061.000000 -3.630308
1062.000000 -1.141737
1063.000000 -5.163993
1064.000000 -9.415694
1065.000000 -6.231896
1066.000000 -11.144912
1067.000000 3.084758
1068.000000 -0.927713
1069.000000 9.286644
1070.000000 -4.442708
1071.000000 -0.653443
1072.000000 -1.594759
1073.000000 0.538805
1074.000000 -3.591218
1075.000000 1.349000
1076.000000 -0.399962
1077.000000 0.261501
1078.000000 6.307650
1079.000000 -0.477256
1080.000000 -3.589373
1081.000000 -5.792514
1082.000000 -2.968360
1083.000000 6.439074
1084.000000 -2.315278
1085.000000 0.753091
1086.000000 -1.759737
1087.000000 4.086396
1088.000000 -2.362385
1089.000000 -1.265799
1090.000000 5.816187
1091.000000 3.096666
1092.000000 3.231000
1093.000000 -1.221304
1094.000000 4.242047
1095.000000 5.107310
1096.000000 -0.476420
1097.000000 13.017655
1098.000000 1.061483
1099.000000 -4.390888
1100.000000 -0.067587
1101.000000 2.210836
1102.000000 -0.537333
1103.000000 7.426570
1104.000000 -1.515864
1105.000000 -4.976579
1106.000000 4.788018
1107.000000 3.293232
1108.000000 5.253826
1109.000000 -3.310124
1110.000000 0.099816
1111.000000 3.314723
1112.000000 -6.565457
1113.000000 4.736589
1114.000000 5.081637
1115.000000 2.501917
1116.000000 1.002531
1117.000000 -1.145934
1118.000000 2.376520
1119.000000 -10.341852
1120.000000 9.589880
1121.000000 -13.691565
1122.000000 2.844812
1123.000000 -1.553470
1124.000000 2.144143
1125.000000 -7.755019
1126.000000 -1.641834
1127.000000 -0.900510
1128.000000 -4.960456
1129.000000 7.316858
1130.000000 1.313110
1131.000000 -8.257957
1132.000000 6.065969
1133.000000 -5.935555
1134.000000 -3.462693
1135.000000 3.022781
1136.000000 -3.419694
1137.000000 -0.197161
1138.000000 -5.413427
1139.000000 0.990413
1140.000000 2.616363
1141.000000 5.017965
1142.000000 -2.093606
1143.000000 0.440174
1144.000000 3.120350
1145.000000 -6.602283
1146.000000 8.564283
1147.000000 2.296559
1148.000000 -1.876603
1149.000000 -6.164665
1150.000000 3.813197
1151.000000 -0.133525
1152.000000 -2.395084
1153.000000 -2.294564
1154.000000 -5.447291
1155.000000 4.089914
1156.000000 4.716949
1157.000000 -1.279207
1158.000000 1.501253
1159.000000 -1.034895
1160.000000 -3.330109
1161.000000 5.566108
1162.000000 -0.918953
1163.000000 0.000424
1164.000000 3.869678
1165.000000 3.701825
1166.000000 -4.289653
1167.000000 -5.396878
1168.000000 -2.753635
1169.000000 -4.801184
1170.000000 -2.968149
1171.000000 -0.069486
1172.000000 -3.067910
1173.000000 0.611804
1174.000000 -0.549063
1175.000000 -4.606813
1176.000000 -0.345911
1177.000000 -7.822397
1178.000000 6.532125
1179.000000 2.302417
1180.000000 3.892947
1181.000000 -0.866165
1182.000000 5.211079
1183.000000 3.855349
1184.000000 -4.807035
1185.000000 0.616458
1186.000000 -10.535399
1187.000000 2.708795
1188.000000 -1.909261
1189.000000 7.302169
1190.000000 -0.698185
1191.000000 3.041615
1192.000000 -5.472741
1193.000000 -2.499118
1194.000000 3.658039
1195.000000 5.756299
1196.000000 -5.190873
1197.000000 6.864190
1198.000000 4.791316
1199.000000 -3.275954
1200.000000 2.254736
1201.000000 4.113773
1202.000000 -2.756282
1203.000000 1.481292
1204.000000 5.762064
1205.000000 3.407725
1206.000000 -0.086811
1207.000000 1.699049
1208.000000 0.725158
1209.000000 -2.227285
1210.000000 -0.227659
1211.000000 -1.199043
1212.000000 -5.771095
1213.000000 1.233206
1214.000000 2.418575
1215.000000 6.661341
1216.000000 2.219096
1217.000000 -8.246709
1218.000000 -7.126218
1219.000000 8.001007
1220.000000 -5.266698
1221.000000 1.111650
1222.000000 -8.173153
1223.000000 8.370279
1224.000000 2.382399
1225.000000 -9.300740
1226.000000 -3.669747
1227.000000 4.065124
1228.000000 1.059470
1229.000000 -6.168645
1230.000000 -9.026213
1231.000000 -0.724114
1232.000000 0.246901
1233.000000 -9.696928
1234.000000 2.071444
1235.000000 -2.558185
1236.000000 3.209938
1237.000000 6.430027
1238.000000 -5.914615
1239.000000 -9.137117
1240.000000 -1.440898
1241.000000 1.486459
1242.000000 -11.501225
1243.000000 -3.210119
1244.000000 -0.850907
1245.000000 -6.935799
1246.000000 -2.682925
1247.000000 -3.770813
1248.000000 2.834369
1249.000000 -1.612524
1250.000000 3.190634
1251.000000 -1.534262
1252.000000 1.574729
1253.000000 0.826643
1254.000000 -2.111809
1255.000000 2.372105
1256.000000 0.588032
1257.000000 -5.892065
1258.000000 -7.654834
1259.000000 -12.172234
1260.000000 -3.407131
1261.000000 -2.227407
1262.000000 1.167458
1263.000000 2.008291
1264.000000 3.823825
1265.000000 2.971895
1266.000000 -1.574828
1267.000000 -3.240077
1268.000000 3.406929
1269.000000 1.278618
1270.000000 5.691772
1271.000000 9.441916
1272.000000 -4.262901
1273.000000 -1.747097
1274.000000 -2.543082
1275.000000 0.544412
1276.000000 -5.349907
1277.000000 0.576225
1278.000000 4.247225
1279.000000 -0.377592
1280.000000 1.693063
1281.000000 5.731353
1282.000000 3.473253
1283.000000 -3.655175
1284.000000 10.516505
1285.000000 10.709449
1286.000000 -1.515204
1287.000000 -2.905095
1288.000000 4.366619
1289.000000 6.999181
1290.000000 -1.633838
1291.000000 3.214476
1292.000000 0.848628
1293.000000 4.764549
1294.000000 -2.764254
1295.000000 -6.965893
1296.000000 -1.207877
1297.000000 1.796246
1298.000000 -12.765497
1299.000000 1.876690
1300.000000 5.166711
1301.000000 1.641206
1302.000000 -0.172958
1303.000000 -6.809955
1304.000000 5.678873
1305.000000 -8.239075
1306.000000 3.739630
1307.000000 1.336056
1308.000000 -4.011953
1309.000000 -2.126452
1310.000000 2.159914
1311.000000 -1.808799
1312.000000 -6.258932
1313.000000 3.413600
1314.000000 -0.831351
1315.000000 1.538252
1316.000000 1.137909
1317.000000 7.734062
1318.000000 2.622920
1319.000000 -2.434642
1320.000000 -1.688350
1321.000000 -1.912642
1322.000000 -6.131548
1323.000000 -12.819089
1324.000000 5.491957
1325.000000 -2.750137
1326.000000 6.876176
1327.000000 -0.401442
1328.000000 -9.555139
1329.000000 1.778753
1330.000000 -1.950513
1331.000000 -5.842438
1332.000000 4.080634
1333.000000 -7.738637
1334.000000 -1.943603
1335.000000 -4.542531
1336.000000 1.422796
1337.000000 -5.452248
1338.000000 -0.015610
1339.000000 0.490466
1340.000000 0.549651
1341.000000 1.352383
1342.000000 3.038533
1343.000000 0.001316
1344.000000 -2.053092
1345.000000 -6.251498
1346.000000 -0.769034
1347.000000 0.523205
1348.000000 15.722362
1349.000000 -2.815973
1350.000000 4.037213
1351.000000 4.087884
1352.000000 -0.202892
1353.000000 0.506451
1354.000000 5.401224
1355.000000 -1.215533
1356.000000 8.133841
1357.000000 3.980795
1358.000000 2.782310
1359.000000 1.140918
1360.000000 -0.653722
1361.000000 -2.301557
1362.000000 1.798157
1363.000000 -2.535289
1364.000000 0.032617
1365.000000 -1.303191
1366.000000 -8.272861
1367.000000 -0.894779
1368.000000 -0.748682
1369.000000 -0.012668
1370.000000 2.555984
1371.000000 -8.049181
1372.000000 -3.894612
1373.000000 -10.171116
1374.000000 0.675346
1375.000000 -2.024509
1376.000000 2.542847
1377.000000 -2.748213
1378.000000 11.402721
1379.000000 0.757858
1380.000000 -3.278852
1381.000000 0.069481
1382.000000 8.490113
1383.000000 6.025047
1384.000000 5.898492
1385.000000 2.866120
1386.000000 -3.557759
1387.000000 -2.304856
1388.000000 1.068227
1389.000000 0.589792
1390.000000 -5.810671
1391.000000 -6.692076
1392.000000 -2.154963
1393.000000 1.802263
1394.000000 -4.077221
1395.000000 3.273258
1396.000000 -1.334411
1397.000000 0.775798
1398.000000 1.823977
1399.000000 8.531597
1400.000000 8.261868
1401.000000 3.607945
1402.000000 -10.192725
1403.000000 -1.207171
1404.000000 0.849763
1405.000000 -2.725530
1406.000000 -0.045532
1407.000000 -1.798182
1408.000000 -0.781419
1409.000000 4.127354
1410.000000 -9.686790
1411.000000 -0.486834
1412.000000 -3.082369
1413.000000 -0.515665
1414.000000 -4.847850
1415.000000 -7.717897
1416.000000 -5.286491
1417.000000 0.781340
1418.000000 -3.303747
1419.000000 5.881361
1420.000000 -1.542844
1421.000000 2.437282
1422.000000 -0.516337
1423.000000 1.865346
1424.000000 1.509245
1425.000000 -0.892007
1426.000000 -3.927438
1427.000000 4.655636
1428.000000 4.670106
1429.000000 -3.925284
1430.000000 1.388691
1431.000000 -8.158270
1432.000000 2.227621
1433.000000 4.431351
1434.000000 3.227909
1435.000000 5.098061
1436.000000 -5.057134
1437.000000 -3.131813
1438.000000 2.626258
1439.000000 2.303640
1440.000000 3.602700
1441.000000 -3.029545
1442.000000 1.577489
1443.000000 -9.429056
1444.000000 -2.724874
1445.000000 4.272857
1446.000000 -3.233811
1447.000000 2.691500
1448.000000 -7.015536
1449.000000 0.940450
1450.000000 0.822863
1451.000000 -4.715210
1452.000000 -11.211708
1453.000000 -0.793157
1454.000000 1.112662
1455.000000 -0.227746
1456.000000 9.315091
1457.000000 -0.369863
1458.000000 -1.806994
1459.000000 3.899024
1460.000000 -2.247238
1461.000000 -4.943067
1462.000000 3.099850
1463.000000 2.730309
1464.000000 3.998999
1465.000000 -3.201789
1466.000000 1.866157
1467.000000 -0.293479
1468.000000 -4.973895
1469.000000 1.944783
1470.000000 4.359384
1471.000000 -2.495941
1472.000000 5.098149
1473.000000 -4.741548
1474.000000 2.735560
1475.000000 5.493917
1476.000000 -0.061055
1477.000000 10.126420
1478.000000 1.940007
1479.000000 8.073835
1480.000000 -3.567376
1481.000000 -5.287438
1482.000000 1.821738
1483.000000 11.826668
1484.000000 -0.832076
1485.000000 1.169390
1486.000000 1.924717
1487.000000 -6.564342
1488.000000 -2.060528
1489.000000 -9.266386
1490.000000 -13.840562
1491.000000 -5.335054
1492.000000 8.041001
1493.000000 -7.997935
1494.000000 4.020306
1495.000000 -0.151307
1496.000000 -6.075819
1497.000000 -4.571364
1498.000000 -0.727873
1499.000000 -3.794596
1500.000000 -1.708728
1501.000000 -4.906557
1502.000000 -4.891678
1503.000000 3.578744
1504.000000 -5.921879
1505.000000 -7.070138
1506.000000 -0.529973
1507.000000 -2.916417
1508.000000 5.188782
1509.000000 2.254047
1510.000000 1.075277
1511.000000 2.637753
1512.000000 1.955668
1513.000000 7.745709
1514.000000 -2.909801
1515.000000 1.583040
1516.000000 -3.271171
1517.000000 4.877000
1518.000000 -5.560133
1519.000000 -0.736739
1520.000000 -0.732712
1521.000000 5.768025
1522.000000 -10.308917
1523.000000 -2.485407
1524.000000 5.000316
1525.000000 1.195827
1526.000000 2.710431
1527.000000 -5.639921
1528.000000 2.315658
1529.000000 2.483149
1530.000000 -9.912765
1531.000000 -2.382593
1532.000000 1.615248
1533.000000 2.626029
1534.000000 -3.099140
1535.000000 -0.656716
1536.000000 -0.131794
1537.000000 -6.390217
1538.000000 -1.127964
1539.000000 7.633964
1540.000000 0.279573
1541.000000 4.509041
1542.000000 5.472890
1543.000000 7.497396
1544.000000 -4.219159
1545.000000 0.603162
1546.000000 3.545058
1547.000000 1.265815
1548.000000 2.195400
1549.000000 -2.375638
1550.000000 -1.218415
1551.000000 8.867229
1552.000000 3.703160
1553.000000 -0.387634
1554.000000 7.373921
1555.000000 0.078196
1556.000000 1.378716
1557.000000 -8.232909
1558.000000 -6.703367
1559.000000 4.688548
1560.000000 -6.616912
1561.000000 -5.564466
1562.000000 1.748401
1563.000000 6.042101
1564.000000 -5.706768
1565.000000 -3.104533
1566.000000 0.642127
1567.000000 -7.357540
1568.000000 -4.893180
1569.000000 5.272244
1570.000000 -9.152504
1571.000000 -1.838948
1572.000000 4.855282
1573.000000 -1.549701
1574.000000 -2.605101
1575.000000 3.456104
1576.000000 -3.015512
1577.000000 4.684509
1578.000000 -2.364067
1579.000000 6.579444
1580.000000 -11.867557
1581.000000 9.529297
1582.000000 3.149849
1583.000000 -1.662267
1584.000000 -5.904828
1585.000000 -0.598857
1586.000000 3.787060
1587.000000 2.822680
1588.000000 -0.909693
1589.000000 5.069521
1590.000000 8.461827
1591.000000 2.064364
1592.000000 5.592110
1593.000000 4.770110
1594.000000 3.252624
1595.000000 -4.390407
1596.000000 3.245261
1597.000000 -6.908168
1598.000000 -3.630698
1599.000000 7.269768
1600.000000 -5.043021
1601.000000 -2.348582
1602.000000 -0.366498
1603.000000 1.169692
1604.000000 4.939715
1605.000000 0.354463
1606.000000 3.710737
1607.000000 9.472434
1608.000000 -0.317227
1609.000000 -2.171023
1610.000000 -4.160864
1611.000000 0.766827
1612.000000 11.044966
1613.000000 2.637748
1614.000000 -1.623358
1615.000000 1.813069
1616.000000 6.264056
1617.000000 0.817228
1618.000000 7.253265
1619.000000 -0.655696
1620.000000 -6.321013
1621.000000 0.721357
1622.000000 -4.099386
1623.000000 2.515589
1624.000000 0.357991
1625.000000 -0.631187
1626.000000 5.068487
1627.000000 0.412658
1628.000000 -1.164375
1629.000000 0.302599
1630.000000 -9.034981
1631.000000 5.204739
1632.000000 2.026780
1633.000000 3.486886
1634.000000 -1.055353
1635.000000 1.350536
1636.000000 0.134487
1637.000000 -5.149765
1638.000000 1.852976
1639.000000 6.793564
1640.000000 -1.391214
1641.000000 -4.007498
1642.000000 6.501937
1643.000000 -3.644279
1644.000000 -5.709105
1645.000000 -1.227035
1646.000000 -8.960016
1647.000000 7.373026
1648.000000 0.820995
1649.000000 -2.785131
1650.000000 -3.983544
1651.000000 -2.362956
1652.000000 1.012352
1653.000000 3.452818
1654.000000 7.508634
1655.000000 -6.544193
1656.000000 -0.914419
1657.000000 3.269810
1658.000000 -3.785265
1659.000000 -0.788060
1660.000000 -1.109936
1661.000000 -1.199487
1662.000000 1.162196
1663.000000 4.734309
1664.000000 2.583760
1665.000000 2.509365
1666.000000 2.182312
1667.000000 0.700374
1668.000000 1.717915
1669.000000 -1.523591
1670.000000 -4.730987
1671.000000 0.053925
1672.000000 -6.721180
1673.000000 3.701117
1674.000000 0.497977
1675.000000 6.079775
1676.000000 4.885105
1677.000000 -0.779957
1678.000000 2.547297
1679.000000 1.418755
1680.000000 -6.440962
1681.000000 2.584845
1682.000000 5.985018
1683.000000 4.867520
1684.000000 4.109024
1685.000000 -6.112578
1686.000000 -5.063340
1687.000000 2.705057
1688.000000 -2.836731
1689.000000 0.451777
1690.000000 -1.228321
1691.000000 1.589219
1692.000000 7.312886
1693.000000 -6.675032
1694.000000 7.809462
1695.000000 -4.760607
1696.000000 -4.023531
1697.000000 -2.451507
1698.000000 -8.159380
1699.000000 10.327996
1700.000000 -3.701993
1701.000000 -1.805741
1702.000000 -0.134457
1703.000000 -4.534373
1704.000000 2.237560
1705.000000 -3.084706
1706.000000 0.564676
1707.000000 3.182856
1708.000000 2.510752
1709.000000 1.810839
1710.000000 3.216058
1711.000000 2.970208
1712.000000 -1.447340
1713.000000 0.609708
1714.000000 -4.178444
1715.000000 8.664721
1716.000000 6.263399
1717.000000 -6.067276
1718.000000 0.730156
1719.000000 -1.234884
1720.000000 9.316403
1721.000000 -3.335278
1722.000000 0.166297
1723.000000 2.704576
1724.000000 4.379957
1725.000000 -4.437593
1726.000000 -1.504829
1727.000000 5.195287
1728.000000 3.582468
1729.000000 0.432576
1730.000000 3.925651
1731.000000 3.565175
1732.000000 -8.426766
1733.000000 1.557934
1734.000000 3.982901
1735.000000 -4.787855
1736.000000 -1.889023
1737.000000 -4.584672
1738.000000 7.860453
1739.000000 -0.565622
1740.000000 -10.709986
1741.000000 -0.940162
1742.000000 1.728943
1743.000000 -7.388054
1744.000000 0.285266
1745.000000 -5.478799
1746.000000 -9.187161
1747.000000 6.225247
1748.000000 -10.779001
1749.000000 -0.845626
1750.000000 -0.862177
1751.000000 -1.357730
1752.000000 -7.177342
1753.000000 -13.047665
1754.000000 3.898307
1755.000000 -2.027669
1756.000000 2.708974
1757.000000 1.338156
1758.000000 -3.292376
1759.000000 -3.537003
1760.000000 -0.684963
1761.000000 -3.472559
1762.000000 2.386810
1763.000000 3.024485
1764.000000 6.407054
1765.000000 -2.358231
1766.000000 1.701486
1767.000000 4.839622
1768.000000 -0.026760
1769.000000 0.278702
1770.000000 1.602087
1771.000000 -3.864875
1772.000000 -2.501234
1773.000000 -2.419769
1774.000000 -3.337069
1775.000000 2.602211
1776.000000 8.245287
1777.000000 0.560562
1778.000000 -1.119043
1779.000000 -1.687823
1780.000000 6.278023
1781.000000 -0.045104
1782.000000 6.206416
1783.000000 -0.042491
1784.000000 -0.199416
1785.000000 4.886395
1786.000000 2.168610
1787.000000 8.722086
1788.000000 -3.407138
1789.000000 -5.599054
1790.000000 -5.224728
1791.000000 6.983417
1792.000000 -2.112576
1793.000000 5.068221
1794.000000 3.899102
1795.000000 5.336078
1796.000000 3.983831
1797.000000 3.792063
1798.000000 -2.511613
1799.000000 -1.190660
1800.000000 -7.025549
1801.000000 2.721420
1802.000000 2.674612
1803.000000 4.886917
1804.000000 1.892877
1805.000000 6.415392
1806.000000 -6.050854
1807.000000 -2.751338
1808.000000 -1.755515
1809.000000 -4.298774
1810.000000 -0.715940
1811.000000 3.798169
1812.000000 -0.371104
1813.000000 -9.890208
1814.000000 -0.682245
1815.000000 -1.623361
1816.000000 4.968965
1817.000000 -5.332138
1818.000000 3.285154
1819.000000 4.244549
1820.000000 -1.436526
1821.000000 1.938273
1822.000000 -2.909560
1823.000000 -4.416520
1824.000000 -0.796193
1825.000000 -10.266439
1826.000000 4.455287
1827.000000 -0.053429
1828.000000 -2.998983
1829.000000 -2.751451
1830.000000 -5.459431
1831.000000 2.185933
1832.000000 -4.975350
1833.000000 1.230376
1834.000000 2.661603
1835.000000 -4.313756
1836.000000 -0.121146
1837.000000 -5.514612
1838.000000 -6.049997
1839.000000 -6.415294
1840.000000 -5.104610
1841.000000 -6.872450
1842.000000 -4.261367
1843.000000 0.237428
1844.000000 1.387468
1845.000000 1.605943
1846.000000 0.678931
1847.000000 2.073127
1848.000000 -4.281846
1849.000000 4.279088
1850.000000 -5.013412
1851.000000 4.109581
1852.000000 0.996660
1853.000000 -5.109369
1854.000000 2.075159
1855.000000 2.726732
1856.000000 10.426595
1857.000000 1.406986
1858.000000 4.955666
1859.000000 -4.541812
1860.000000 0.227475
1861.000000 4.333207
1862.000000 -1.651556
1863.000000 5.517308
1864.000000 0.224671
1865.000000 -2.522332
1866.000000 2.061273
1867.000000 3.365899
1868.000000 2.955558
1869.000000 -1.860902
1870.000000 3.393080
1871.000000 -2.277280
1872.000000 4.092305
1873.000000 1.306106
1874.000000 3.856135
1875.000000 -0.381349
1876.000000 1.950279
1877.000000 0.374629
1878.000000 8.204102
1879.000000 -4.096060
1880.000000 10.832205
1881.000000 -3.043317
1882.000000 -1.464097
1883.000000 -2.378661
1884.000000 -17.875381
1885.000000 -6.651592
1886.000000 1.034129
1887.000000 1.156737
1888.000000 2.975095
1889.000000 -7.851237
1890.000000 -1.275350
1891.000000 -1.008965
1892.000000 0.390907
1893.000000 -3.859248
1894.000000 -0.360266
1895.000000 4.232113
1896.000000 -3.877451
1897.000000 0.992500
1898.000000 1.788399
1899.000000 -5.037307
1900.000000 5.347139
1901.000000 -9.223619
1902.000000 -4.330319
1903.000000 2.013318
1904.000000 1.447979
1905.000000 4.266263
1906.000000 -0.102441
1907.000000 2.814785
1908.000000 1.217223
1909.000000 10.910060
1910.000000 -3.740576
1911.000000 2.842964
1912.000000 -2.874019
1913.000000 4.124595
1914.000000 -2.612195
1915.000000 1.827190
1916.000000 -1.325614
1917.000000 -4.945481
1918.000000 5.490213
1919.000000 8.550030
1920.000000 3.836388
1921.000000 -5.331462
1922.000000 -5.105475
1923.000000 4.857327
1924.000000 -4.166247
1925.000000 9.713982
1926.000000 2.073858
1927.000000 1.964733
1928.000000 3.926898
1929.000000 -6.090462
1930.000000 -4.057204
1931.000000 7.692264
1932.000000 0.637900
1933.000000 0.586023
1934.000000 3.340144
1935.000000 -6.584397
1936.000000 -4.916471
1937.000000 -3.776094
1938.000000 2.618233
1939.000000 5.427389
1940.000000 1.770391
1941.000000 2.534750
1942.000000 -9.086545
1943.000000 6.206963
1944.000000 1.405997
1945.000000 2.140753
1946.000000 -2.200939
1947.000000 3.507581
1948.000000 4.150165
1949.000000 -1.367115
1950.000000 13.041207
1951.000000 3.498485
1952.000000 2.307493
1953.000000 3.534897
1954.000000 -7.579776
1955.000000 1.993835
1956.000000 -1.486630
1957.000000 2.008765
1958.000000 5.369347
1959.000000 -0.021599
1960.000000 0.739838
1961.000000 -1.171152
1962.000000 2.454695
1963.000000 -0.860305
1964.000000 8.310241
1965.000000 -4.885727
1966.000000 8.215223
1967.000000 3.549789
1968.000000 3.481653
1969.000000 -1.289758
1970.000000 -2.567626
1971.000000 -2.750102
1972.000000 1.618899
1973.000000 5.945531
1974.000000 -1.910823
1975.000000 6.318017
1976.000000 1.246435
1977.000000 2.264169
1978.000000 3.667978
1979.000000 -2.455780
1980.000000 5.699447
1981.000000 -5.524825
1982.000000 3.378341
1983.000000 0.277199
1984.000000 6.593523
1985.000000 4.404846
1986.000000 -2.135612
1987.000000 -2.447802
1988.000000 0.811699
1989.000000 -2.121909
1990.000000 -1.943984
1991.000000 6.249136
1992.000000 -3.472479
1993.000000 -3.801994
1994.000000 9.381001
1995.000000 4.209275
1996.000000 -6.846525
1997.000000 -6.307038
1998.000000 -1.534104
1999.000000 4.051957
2000.000000 3.278472
2001.000000 0.446119
2002.000000 1.630265
2003.000000 0.376259
2004.000000 -13.846183
2005.000000 -3.529584
2006.000000 -4.896587
2007.000000 2.872126
2008.000000 4.925506
2009.000000 1.822305
2010.000000 1.233035
2011.000000 -2.504126
2012.000000 -1.917197
2013.000000 -0.364078
2014.000000 -4.814904
2015.000000 -0.154402
2016.000000 -12.797384
2017.000000 -3.220740
2018.000000 0.221644
2019.000000 2.920126
2020.000000 2.184106
2021.000000 1.570164
2022.000000 7.707098
2023.000000 2.446261
2024.000000 -0.656335
2025.000000 -4.906085
2026.000000 -6.630867
2027.000000 3.978582
2028.000000 -0.366770
2029.000000 1.775010
2030.000000 2.079691
2031.000000 2.781769
2032.000000 3.985647
2033.000000 -2.097348
2034.000000 3.008677
2035.000000 2.585511
2036.000000 0.898824
2037.000000 7.008270
2038.000000 7.832684
2039.000000 5.037274
2040.000000 -3.219171
2041.000000 7.853577
2042.000000 2.567188
2043.000000 2.402964
2044.000000 5.653833
2045.000000 -3.661463
2046.000000 0.066335
2047.000000 0.931035
